# unix_time, cycles_done, cur_path, paths_total, pending_total, pending_favs, map_size, unique_crashes, unique_hangs, max_depth, execs_per_sec
1676063902, 0, 0, 2, 2, 2, 0.04%, 0, 0, 1, 148.15
1676063907, 0, 0, 12, 12, 2, 0.07%, 0, 0, 2, 133.92
1676063944, 0, 1, 15, 14, 11, 0.07%, 0, 0, 2, 153.62
1676063964, 0, 2, 15, 13, 13, 0.07%, 0, 0, 2, 149.24
1676063975, 0, 3, 15, 12, 12, 0.07%, 0, 0, 2, 147.11
1676063980, 0, 4, 15, 11, 11, 0.07%, 0, 0, 2, 152.78
1676063995, 0, 5, 15, 10, 10, 0.07%, 0, 0, 2, 136.88
1676064020, 0, 6, 15, 9, 9, 0.07%, 0, 0, 2, 132.57
1676064036, 0, 7, 15, 8, 8, 0.07%, 0, 0, 2, 153.18
1676064046, 0, 8, 15, 7, 7, 0.07%, 0, 0, 2, 152.67
1676064061, 0, 9, 15, 6, 6, 0.07%, 0, 0, 2, 150.24
1676064081, 0, 10, 15, 5, 5, 0.07%, 0, 0, 2, 159.53
1676064097, 0, 11, 15, 4, 4, 0.07%, 0, 0, 2, 158.30
1676064112, 0, 11, 16, 5, 4, 0.08%, 0, 0, 3, 149.17
1676064127, 0, 12, 16, 4, 4, 0.08%, 0, 0, 3, 151.33
1676064142, 0, 13, 16, 3, 3, 0.08%, 0, 0, 3, 160.51
1676064158, 0, 14, 16, 2, 2, 0.08%, 0, 0, 3, 153.62
1676064173, 0, 15, 16, 1, 1, 0.08%, 0, 0, 3, 139.33
1676064193, 1, 1, 16, 0, 0, 0.08%, 0, 0, 3, 147.69
1676064198, 1, 4, 16, 0, 0, 0.08%, 0, 0, 3, 147.82
1676064203, 1, 7, 16, 0, 0, 0.08%, 0, 0, 3, 145.23
1676064209, 1, 9, 16, 0, 0, 0.08%, 0, 0, 3, 141.49
1676064214, 1, 11, 16, 0, 0, 0.08%, 0, 0, 3, 136.30
1676064219, 1, 15, 16, 0, 0, 0.08%, 0, 0, 3, 147.48
1676064224, 2, 0, 16, 0, 0, 0.08%, 0, 0, 3, 150.95
1676064229, 2, 1, 16, 0, 0, 0.08%, 0, 0, 3, 162.76
1676064234, 2, 4, 16, 0, 0, 0.08%, 0, 0, 3, 150.29
1676064239, 2, 5, 16, 0, 0, 0.08%, 0, 0, 3, 152.72
1676064244, 2, 6, 16, 0, 0, 0.08%, 0, 0, 3, 151.25
1676064249, 2, 7, 16, 0, 0, 0.08%, 0, 0, 3, 151.55
1676064254, 2, 8, 16, 0, 0, 0.08%, 0, 0, 3, 143.39
1676064260, 2, 9, 16, 0, 0, 0.08%, 0, 0, 3, 149.09
1676064265, 2, 10, 16, 0, 0, 0.08%, 0, 0, 3, 152.35
1676064270, 2, 11, 16, 0, 0, 0.08%, 0, 0, 3, 144.85
1676064275, 2, 12, 16, 0, 0, 0.08%, 0, 0, 3, 152.22
1676064280, 2, 13, 16, 0, 0, 0.08%, 0, 0, 3, 159.05
1676064285, 2, 14, 16, 0, 0, 0.08%, 0, 0, 3, 155.06
1676064290, 2, 15, 16, 0, 0, 0.08%, 0, 0, 3, 136.75
1676064295, 3, 0, 16, 0, 0, 0.08%, 0, 0, 3, 122.17
1676064300, 3, 1, 16, 0, 0, 0.08%, 0, 0, 3, 121.36
1676064306, 3, 2, 16, 0, 0, 0.08%, 0, 0, 3, 130.63
1676064311, 3, 4, 16, 0, 0, 0.08%, 0, 0, 3, 141.26
1676064316, 3, 5, 16, 0, 0, 0.08%, 0, 0, 3, 148.41
1676064321, 3, 6, 16, 0, 0, 0.08%, 0, 0, 3, 155.96
1676064326, 3, 7, 16, 0, 0, 0.08%, 0, 0, 3, 154.00
1676064331, 3, 8, 16, 0, 0, 0.08%, 0, 0, 3, 147.52
1676064336, 3, 9, 16, 0, 0, 0.08%, 0, 0, 3, 145.86
1676064341, 3, 10, 16, 0, 0, 0.08%, 0, 0, 3, 148.12
1676064347, 3, 11, 16, 0, 0, 0.08%, 0, 0, 3, 156.78
1676064352, 3, 12, 16, 0, 0, 0.08%, 0, 0, 3, 153.82
1676064357, 3, 13, 16, 0, 0, 0.08%, 0, 0, 3, 153.22
1676064362, 3, 15, 16, 0, 0, 0.08%, 0, 0, 3, 154.79
1676064367, 4, 0, 16, 0, 0, 0.08%, 0, 0, 3, 149.06
1676064372, 4, 1, 16, 0, 0, 0.08%, 0, 0, 3, 150.63
1676064377, 4, 2, 16, 0, 0, 0.08%, 0, 0, 3, 158.58
1676064382, 4, 4, 16, 0, 0, 0.08%, 0, 0, 3, 144.83
1676064387, 4, 5, 16, 0, 0, 0.08%, 0, 0, 3, 146.52
1676064392, 4, 6, 16, 0, 0, 0.08%, 0, 0, 3, 147.07
1676064397, 4, 7, 16, 0, 0, 0.08%, 0, 0, 3, 149.53
1676064403, 4, 8, 16, 0, 0, 0.08%, 0, 0, 3, 150.77
1676064408, 4, 9, 16, 0, 0, 0.08%, 0, 0, 3, 148.84
1676064413, 4, 10, 16, 0, 0, 0.08%, 0, 0, 3, 158.00
1676064418, 4, 11, 16, 0, 0, 0.08%, 0, 0, 3, 150.35
1676064423, 4, 12, 16, 0, 0, 0.08%, 0, 0, 3, 153.52
1676064428, 4, 13, 16, 0, 0, 0.08%, 0, 0, 3, 151.61
1676064433, 4, 14, 16, 0, 0, 0.08%, 0, 0, 3, 148.17
1676064438, 4, 15, 16, 0, 0, 0.08%, 0, 0, 3, 152.99
1676064443, 5, 0, 16, 0, 0, 0.08%, 0, 0, 3, 152.28
1676064448, 5, 1, 16, 0, 0, 0.08%, 0, 0, 3, 146.09
1676064453, 5, 3, 16, 0, 0, 0.08%, 0, 0, 3, 150.77
1676064459, 5, 4, 16, 0, 0, 0.08%, 0, 0, 3, 158.67
1676064464, 5, 5, 16, 0, 0, 0.08%, 0, 0, 3, 156.63
1676064469, 5, 6, 16, 0, 0, 0.08%, 0, 0, 3, 153.52
1676064474, 5, 7, 16, 0, 0, 0.08%, 0, 0, 3, 148.32
1676064479, 5, 8, 16, 0, 0, 0.08%, 0, 0, 3, 142.25
1676064484, 5, 9, 16, 0, 0, 0.08%, 0, 0, 3, 146.36
1676064489, 5, 10, 16, 0, 0, 0.08%, 0, 0, 3, 143.65
1676064494, 5, 11, 16, 0, 0, 0.08%, 0, 0, 3, 144.94
1676064500, 5, 12, 16, 0, 0, 0.08%, 0, 0, 3, 146.73
1676064505, 5, 13, 16, 0, 0, 0.08%, 0, 0, 3, 141.15
1676064510, 5, 15, 16, 0, 0, 0.08%, 0, 0, 3, 147.92
1676064515, 6, 0, 16, 0, 0, 0.08%, 0, 0, 3, 140.84
1676064525, 6, 2, 16, 0, 0, 0.08%, 0, 0, 3, 147.66
1676064531, 6, 3, 16, 0, 0, 0.08%, 0, 0, 3, 142.57
1676064536, 6, 5, 16, 0, 0, 0.08%, 0, 0, 3, 144.29
1676064546, 6, 6, 16, 0, 0, 0.08%, 0, 0, 3, 142.24
1676064551, 6, 7, 16, 0, 0, 0.08%, 0, 0, 3, 143.39
1676064556, 6, 8, 16, 0, 0, 0.08%, 0, 0, 3, 140.38
1676064561, 6, 9, 17, 1, 0, 0.10%, 0, 0, 3, 140.65
1676064571, 6, 16, 22, 6, 1, 0.13%, 0, 0, 4, 140.32
1676064576, 6, 16, 26, 10, 1, 0.13%, 0, 0, 4, 141.61
1676064587, 6, 16, 29, 13, 1, 0.14%, 0, 0, 4, 157.97
1676064679, 6, 16, 30, 14, 1, 0.14%, 0, 0, 4, 150.05
1676064745, 6, 17, 33, 16, 12, 0.15%, 0, 0, 5, 155.04
1676064750, 6, 17, 34, 17, 12, 0.15%, 0, 0, 5, 151.10
1676064852, 6, 18, 34, 16, 15, 0.15%, 0, 0, 5, 137.06
1676065036, 6, 20, 34, 15, 14, 0.15%, 0, 0, 5, 145.62
1676065051, 6, 20, 35, 16, 14, 0.15%, 0, 0, 5, 154.69
1676065178, 6, 21, 35, 15, 14, 0.15%, 0, 0, 5, 141.36
