# unix_time, cycles_done, cur_path, paths_total, pending_total, pending_favs, map_size, unique_crashes, unique_hangs, max_depth, execs_per_sec
1675973151, 0, 0, 2, 2, 2, 0.03%, 0, 0, 1, 149.53
1675973156, 0, 0, 12, 12, 2, 0.06%, 0, 0, 2, 157.58
1675973171, 0, 1, 13, 12, 11, 0.06%, 0, 0, 2, 149.09
1675973181, 0, 2, 13, 11, 11, 0.06%, 0, 0, 2, 151.26
1675973191, 0, 3, 13, 10, 10, 0.06%, 0, 0, 2, 160.48
1675973201, 0, 4, 13, 9, 9, 0.06%, 0, 0, 2, 143.42
1675973212, 0, 5, 13, 8, 8, 0.06%, 0, 0, 2, 154.79
1675973227, 0, 6, 13, 7, 7, 0.06%, 1, 0, 2, 171.57
1675973237, 0, 7, 13, 6, 6, 0.06%, 1, 0, 2, 139.85
1675973242, 0, 8, 13, 5, 5, 0.06%, 1, 0, 2, 129.65
1675973252, 0, 9, 13, 4, 4, 0.06%, 1, 0, 2, 127.66
1675973278, 0, 10, 13, 3, 3, 0.06%, 1, 0, 2, 103.23
1675973288, 0, 11, 13, 2, 2, 0.06%, 1, 0, 2, 131.25
1675973308, 0, 12, 13, 1, 1, 0.06%, 1, 0, 2, 122.61
1675973324, 1, 0, 13, 0, 0, 0.06%, 1, 0, 2, 148.28
1675973329, 1, 4, 13, 0, 0, 0.06%, 1, 0, 2, 143.12
1675973334, 1, 6, 13, 0, 0, 0.06%, 1, 0, 2, 124.78
1675973339, 1, 9, 13, 0, 0, 0.06%, 1, 0, 2, 140.06
1675973345, 1, 11, 13, 0, 0, 0.06%, 1, 0, 2, 147.83
1675973350, 2, 1, 13, 0, 0, 0.06%, 1, 0, 2, 156.55
1675973355, 2, 2, 13, 0, 0, 0.06%, 1, 0, 2, 152.61
1675973360, 2, 4, 13, 0, 0, 0.06%, 1, 0, 2, 146.98
1675973365, 2, 5, 13, 0, 0, 0.06%, 2, 0, 2, 146.15
1675973370, 2, 7, 13, 0, 0, 0.06%, 2, 0, 2, 154.41
1675973375, 2, 13, 14, 1, 1, 0.07%, 2, 0, 3, 157.05
1675973405, 3, 0, 14, 0, 0, 0.07%, 2, 0, 3, 140.41
1675973411, 3, 1, 14, 0, 0, 0.07%, 2, 0, 3, 145.13
1675973416, 3, 3, 14, 0, 0, 0.07%, 2, 0, 3, 162.76
1675973421, 3, 5, 14, 0, 0, 0.07%, 2, 0, 3, 153.88
1675973426, 3, 6, 14, 0, 0, 0.07%, 2, 0, 3, 151.50
1675973431, 3, 8, 14, 0, 0, 0.07%, 2, 0, 3, 160.92
1675973436, 3, 9, 14, 0, 0, 0.07%, 2, 0, 3, 146.38
1675973441, 3, 9, 14, 0, 0, 0.07%, 3, 0, 3, 98.20
1675973446, 3, 10, 14, 0, 0, 0.07%, 3, 0, 3, 102.25
1675973452, 3, 11, 14, 0, 0, 0.07%, 4, 0, 3, 104.50
1675973457, 3, 12, 14, 0, 0, 0.07%, 4, 0, 3, 133.60
1675973462, 3, 13, 14, 0, 0, 0.07%, 4, 0, 3, 132.06
1675973472, 4, 0, 14, 0, 0, 0.07%, 4, 0, 3, 147.80
1675973477, 4, 1, 14, 0, 0, 0.07%, 4, 0, 3, 10.54
1675973482, 4, 2, 14, 0, 0, 0.07%, 4, 0, 3, 96.88
1675973487, 4, 4, 14, 0, 0, 0.07%, 4, 0, 3, 146.92
1675973493, 4, 5, 14, 0, 0, 0.07%, 4, 0, 3, 157.87
1675973498, 4, 7, 14, 0, 0, 0.07%, 4, 0, 3, 151.82
1675973503, 4, 9, 14, 0, 0, 0.07%, 4, 0, 3, 148.10
1675973508, 4, 10, 14, 0, 0, 0.07%, 4, 0, 3, 146.49
1675973513, 4, 11, 14, 0, 0, 0.07%, 4, 0, 3, 150.43
1675973518, 4, 12, 14, 0, 0, 0.07%, 4, 0, 3, 156.46
1675973523, 4, 13, 14, 0, 0, 0.07%, 4, 0, 3, 154.01
1675973528, 5, 1, 14, 0, 0, 0.07%, 4, 0, 3, 146.32
1675973533, 5, 2, 14, 0, 0, 0.07%, 4, 0, 3, 152.89
1675973538, 5, 4, 14, 0, 0, 0.07%, 4, 0, 3, 156.13
1675973543, 5, 6, 14, 0, 0, 0.07%, 4, 0, 3, 154.72
1675973548, 5, 7, 14, 0, 0, 0.07%, 4, 0, 3, 149.99
1675973553, 5, 9, 14, 0, 0, 0.07%, 4, 0, 3, 156.93
1675973558, 5, 10, 14, 0, 0, 0.07%, 4, 0, 3, 159.07
1675973564, 5, 11, 14, 0, 0, 0.07%, 4, 0, 3, 153.40
1675973569, 5, 12, 14, 0, 0, 0.07%, 4, 0, 3, 151.59
1675973574, 5, 13, 14, 0, 0, 0.07%, 4, 0, 3, 150.20
1675973579, 6, 1, 14, 0, 0, 0.07%, 4, 0, 3, 151.79
1675973584, 6, 2, 14, 0, 0, 0.07%, 4, 0, 3, 151.28
1675973589, 6, 4, 14, 0, 0, 0.07%, 4, 0, 3, 148.52
1675973594, 6, 5, 14, 0, 0, 0.07%, 4, 0, 3, 155.07
1675973599, 6, 7, 14, 0, 0, 0.07%, 4, 0, 3, 159.02
1675973604, 6, 9, 14, 0, 0, 0.07%, 4, 0, 3, 153.56
1675973609, 6, 10, 14, 0, 0, 0.07%, 4, 0, 3, 154.90
1675973614, 6, 11, 14, 0, 0, 0.07%, 4, 0, 3, 154.67
1675973619, 6, 12, 14, 0, 0, 0.07%, 4, 0, 3, 151.02
1675973624, 6, 13, 14, 0, 0, 0.07%, 4, 0, 3, 150.61
1675973630, 7, 0, 14, 0, 0, 0.07%, 4, 0, 3, 149.24
1675973635, 7, 2, 14, 0, 0, 0.07%, 4, 0, 3, 151.30
1675973640, 7, 4, 14, 0, 0, 0.07%, 4, 0, 3, 150.08
1675973645, 7, 5, 14, 0, 0, 0.07%, 4, 0, 3, 158.32
1675973650, 7, 6, 14, 0, 0, 0.07%, 4, 0, 3, 157.31
1675973655, 7, 8, 14, 0, 0, 0.07%, 4, 0, 3, 152.26
1675973660, 7, 9, 14, 0, 0, 0.07%, 4, 0, 3, 144.05
1675973665, 7, 11, 14, 0, 0, 0.07%, 4, 0, 3, 151.84
1675973670, 7, 12, 14, 0, 0, 0.07%, 4, 0, 3, 150.28
1675973675, 7, 13, 14, 0, 0, 0.07%, 4, 0, 3, 155.42
1675973681, 8, 0, 14, 0, 0, 0.07%, 4, 0, 3, 144.98
1675973686, 8, 1, 14, 0, 0, 0.07%, 4, 0, 3, 139.38
1675973691, 8, 3, 14, 0, 0, 0.07%, 4, 0, 3, 135.33
1675973696, 8, 4, 14, 0, 0, 0.07%, 4, 0, 3, 125.07
1675973701, 8, 5, 14, 0, 0, 0.07%, 4, 0, 3, 116.30
1675973706, 8, 6, 14, 0, 0, 0.07%, 4, 0, 3, 141.17
1675973712, 8, 8, 14, 0, 0, 0.07%, 4, 0, 3, 143.79
1675973717, 8, 9, 14, 0, 0, 0.07%, 4, 0, 3, 135.42
1675973722, 8, 10, 14, 0, 0, 0.07%, 4, 0, 3, 135.51
1675973727, 8, 11, 14, 0, 0, 0.07%, 4, 0, 3, 148.65
1675973732, 8, 13, 14, 0, 0, 0.07%, 4, 0, 3, 148.59
1675973737, 8, 14, 15, 1, 1, 0.07%, 4, 0, 4, 149.87
1675973834, 9, 1, 15, 0, 0, 0.07%, 4, 0, 4, 139.47
1675973839, 9, 2, 15, 0, 0, 0.07%, 4, 0, 4, 134.24
1675973844, 9, 4, 15, 0, 0, 0.07%, 4, 0, 4, 141.99
1675973850, 9, 5, 15, 0, 0, 0.07%, 4, 0, 4, 140.43
1675973855, 9, 6, 15, 0, 0, 0.07%, 4, 0, 4, 145.01
1675973860, 9, 9, 15, 0, 0, 0.07%, 4, 0, 4, 146.72
1675973865, 9, 10, 15, 0, 0, 0.07%, 4, 0, 4, 158.70
1675973870, 9, 11, 15, 0, 0, 0.07%, 4, 0, 4, 150.13
1675973875, 9, 12, 15, 0, 0, 0.07%, 4, 0, 4, 143.18
1675973880, 9, 13, 15, 0, 0, 0.07%, 4, 0, 4, 137.42
1675973885, 9, 14, 15, 0, 0, 0.07%, 4, 0, 4, 138.87
1675973916, 10, 1, 15, 0, 0, 0.07%, 4, 0, 4, 144.35
1675973921, 10, 2, 15, 0, 0, 0.07%, 4, 0, 4, 139.99
1675973926, 10, 4, 15, 0, 0, 0.07%, 4, 0, 4, 147.79
1675973931, 10, 5, 15, 0, 0, 0.07%, 4, 0, 4, 146.60
1675973937, 10, 6, 15, 0, 0, 0.07%, 4, 0, 4, 147.49
1675973942, 10, 9, 15, 0, 0, 0.07%, 4, 0, 4, 139.73
1675973947, 10, 10, 15, 0, 0, 0.07%, 4, 0, 4, 143.33
1675973952, 10, 11, 15, 0, 0, 0.07%, 4, 0, 4, 153.06
1675973957, 10, 12, 15, 0, 0, 0.07%, 4, 0, 4, 157.85
1675973962, 10, 13, 15, 0, 0, 0.07%, 4, 0, 4, 151.48
1675973967, 10, 14, 15, 0, 0, 0.07%, 4, 0, 4, 142.73
1675973972, 11, 0, 15, 0, 0, 0.07%, 4, 0, 4, 156.19
1675973977, 11, 1, 15, 0, 0, 0.07%, 4, 0, 4, 156.87
1675973982, 11, 3, 15, 0, 0, 0.07%, 4, 0, 4, 138.20
1675973987, 11, 5, 16, 1, 0, 0.10%, 4, 0, 4, 148.30
1675973998, 11, 15, 16, 1, 1, 0.10%, 4, 0, 4, 121.82
1675974003, 11, 15, 21, 6, 1, 0.12%, 4, 0, 4, 125.11
1675974008, 11, 15, 22, 7, 1, 0.12%, 4, 0, 4, 131.69
1675974018, 11, 15, 23, 8, 1, 0.12%, 4, 0, 4, 147.01
1675974130, 11, 15, 23, 8, 1, 0.12%, 5, 0, 4, 144.05
1675974166, 11, 16, 25, 9, 6, 0.13%, 6, 0, 5, 144.38
1675974232, 11, 16, 25, 9, 6, 0.13%, 7, 0, 5, 137.64
1675974314, 11, 16, 26, 10, 6, 0.13%, 7, 0, 5, 148.44
1675974330, 11, 17, 26, 9, 8, 0.13%, 7, 0, 5, 142.29
1675974335, 11, 17, 27, 10, 8, 0.13%, 7, 0, 5, 143.74
1675974386, 11, 17, 27, 10, 8, 0.13%, 8, 0, 5, 150.34
1675974447, 11, 17, 28, 11, 8, 0.13%, 8, 0, 5, 145.87
1675974498, 11, 17, 29, 12, 8, 0.14%, 8, 0, 5, 144.20
1675974544, 11, 17, 30, 13, 8, 0.14%, 8, 0, 5, 152.96
1675974647, 11, 18, 30, 12, 11, 0.14%, 8, 0, 5, 147.17
1675974713, 11, 18, 30, 12, 11, 0.14%, 9, 0, 5, 138.96
1675974744, 11, 18, 31, 13, 11, 0.14%, 9, 0, 5, 146.57
1675974795, 11, 18, 32, 14, 11, 0.14%, 9, 0, 5, 149.34
1675974862, 11, 18, 32, 14, 11, 0.14%, 10, 0, 5, 140.82
1675974939, 11, 19, 32, 13, 12, 0.14%, 10, 0, 5, 150.42
1675975179, 11, 19, 32, 13, 12, 0.14%, 11, 0, 5, 151.22
1675975184, 11, 20, 32, 12, 11, 0.14%, 11, 0, 5, 138.72
1675975189, 11, 20, 33, 13, 11, 0.14%, 11, 0, 5, 130.70
1675975434, 11, 22, 33, 12, 11, 0.14%, 11, 0, 5, 149.22
1675975521, 11, 22, 33, 12, 11, 0.14%, 12, 0, 5, 145.97
1675975546, 11, 23, 33, 11, 10, 0.14%, 12, 0, 5, 150.93
1675975602, 11, 23, 34, 12, 10, 0.15%, 12, 0, 6, 148.81
1675975653, 11, 23, 34, 12, 10, 0.15%, 13, 0, 6, 154.79
1675975694, 11, 24, 34, 11, 10, 0.15%, 13, 0, 6, 133.72
1675975781, 11, 24, 34, 11, 10, 0.15%, 14, 0, 6, 107.92
1675975893, 11, 25, 34, 10, 9, 0.15%, 14, 0, 6, 149.23
1675975969, 11, 25, 34, 10, 9, 0.15%, 15, 0, 6, 152.77
1675976010, 11, 26, 34, 9, 8, 0.15%, 15, 0, 6, 138.79
1675976107, 11, 26, 34, 9, 8, 0.15%, 16, 0, 6, 135.08
1675976138, 11, 26, 34, 9, 8, 0.15%, 17, 0, 6, 154.66
1675976168, 11, 27, 34, 8, 7, 0.15%, 17, 0, 6, 148.72
1675976219, 11, 28, 34, 7, 6, 0.15%, 17, 0, 6, 141.67
1675976434, 11, 29, 34, 6, 5, 0.15%, 17, 0, 6, 143.56
1675976638, 11, 30, 34, 5, 4, 0.15%, 17, 0, 6, 147.21
1675976811, 11, 31, 34, 4, 3, 0.15%, 17, 0, 6, 150.16
