# unix_time, cycles_done, cur_path, paths_total, pending_total, pending_favs, map_size, unique_crashes, unique_hangs, max_depth, execs_per_sec
1676002936, 0, 0, 2, 2, 2, 0.04%, 0, 0, 1, 161.62
1676002941, 0, 0, 12, 12, 2, 0.06%, 0, 0, 2, 172.59
1676002956, 0, 1, 15, 14, 11, 0.07%, 0, 0, 2, 164.79
1676002972, 0, 2, 15, 13, 13, 0.07%, 0, 0, 2, 173.68
1676002982, 0, 3, 15, 12, 12, 0.07%, 0, 0, 2, 172.52
1676002987, 0, 4, 15, 11, 11, 0.07%, 0, 0, 2, 169.61
1676003002, 0, 5, 15, 10, 10, 0.07%, 0, 0, 2, 163.98
1676003017, 0, 5, 16, 11, 10, 0.07%, 0, 0, 3, 168.77
1676003028, 0, 6, 16, 10, 10, 0.07%, 0, 0, 3, 164.49
1676003043, 0, 7, 16, 9, 9, 0.07%, 0, 0, 3, 175.16
1676003048, 0, 8, 16, 8, 8, 0.07%, 0, 0, 3, 168.97
1676003063, 0, 9, 16, 7, 7, 0.07%, 0, 0, 3, 166.52
1676003083, 0, 10, 16, 6, 6, 0.07%, 0, 0, 3, 165.60
1676003093, 0, 11, 16, 5, 5, 0.07%, 0, 0, 3, 164.49
1676003114, 0, 12, 16, 4, 4, 0.07%, 0, 0, 3, 178.17
1676003124, 0, 13, 16, 3, 3, 0.07%, 0, 0, 3, 175.63
1676003139, 0, 14, 16, 2, 2, 0.07%, 0, 0, 3, 172.21
1676003149, 0, 15, 16, 1, 1, 0.07%, 0, 0, 3, 171.34
1676003164, 1, 0, 16, 0, 0, 0.07%, 0, 0, 3, 170.85
1676003170, 1, 4, 16, 0, 0, 0.07%, 0, 0, 3, 170.98
1676003175, 1, 7, 16, 0, 0, 0.07%, 0, 0, 3, 168.49
1676003180, 1, 10, 16, 0, 0, 0.07%, 0, 0, 3, 168.06
1676003185, 1, 13, 16, 0, 0, 0.07%, 0, 0, 3, 178.08
1676003190, 2, 0, 16, 0, 0, 0.07%, 0, 0, 3, 156.51
1676003195, 2, 1, 16, 0, 0, 0.07%, 0, 0, 3, 170.93
1676003200, 2, 3, 16, 0, 0, 0.07%, 0, 0, 3, 172.47
1676003205, 2, 5, 16, 0, 0, 0.07%, 0, 0, 3, 171.99
1676003210, 2, 6, 16, 0, 0, 0.07%, 0, 0, 3, 168.29
1676003215, 2, 7, 16, 0, 0, 0.07%, 0, 0, 3, 167.13
1676003220, 2, 8, 16, 0, 0, 0.07%, 0, 0, 3, 172.83
1676003225, 2, 9, 16, 0, 0, 0.07%, 0, 0, 3, 171.12
1676003230, 2, 11, 16, 0, 0, 0.07%, 0, 0, 3, 172.46
1676003235, 2, 12, 16, 0, 0, 0.07%, 0, 0, 3, 170.58
1676003241, 2, 13, 16, 0, 0, 0.07%, 0, 0, 3, 166.37
1676003246, 2, 15, 16, 0, 0, 0.07%, 0, 0, 3, 166.31
1676003251, 3, 0, 16, 0, 0, 0.07%, 0, 0, 3, 168.02
1676003256, 3, 1, 16, 0, 0, 0.07%, 0, 0, 3, 161.24
1676003261, 3, 3, 16, 0, 0, 0.07%, 0, 0, 3, 158.87
1676003266, 3, 4, 16, 0, 0, 0.07%, 0, 0, 3, 159.54
1676003271, 3, 5, 16, 0, 0, 0.07%, 0, 0, 3, 172.92
1676003276, 3, 7, 16, 0, 0, 0.07%, 0, 0, 3, 169.57
1676003281, 3, 8, 16, 0, 0, 0.07%, 0, 0, 3, 177.67
1676003287, 3, 9, 16, 0, 0, 0.07%, 0, 0, 3, 175.80
1676003292, 3, 10, 16, 0, 0, 0.07%, 0, 0, 3, 171.32
1676003297, 3, 12, 16, 0, 0, 0.07%, 0, 0, 3, 167.97
1676003302, 3, 13, 16, 0, 0, 0.07%, 0, 0, 3, 166.09
1676003307, 3, 14, 16, 0, 0, 0.07%, 0, 0, 3, 167.80
1676003312, 4, 0, 16, 0, 0, 0.07%, 0, 0, 3, 165.83
1676003317, 4, 1, 16, 0, 0, 0.07%, 0, 0, 3, 160.69
1676003322, 4, 3, 16, 0, 0, 0.07%, 0, 0, 3, 159.12
1676003327, 4, 4, 16, 0, 0, 0.07%, 0, 0, 3, 146.40
1676003332, 4, 5, 16, 0, 0, 0.07%, 0, 0, 3, 160.18
1676003337, 4, 6, 16, 0, 0, 0.07%, 0, 0, 3, 162.33
1676003342, 4, 8, 16, 0, 0, 0.07%, 0, 0, 3, 174.15
1676003348, 4, 9, 16, 0, 0, 0.07%, 0, 0, 3, 174.56
1676003353, 4, 10, 16, 0, 0, 0.07%, 0, 0, 3, 159.79
1676003358, 4, 11, 16, 0, 0, 0.07%, 0, 0, 3, 161.71
1676003363, 4, 12, 16, 0, 0, 0.07%, 0, 0, 3, 163.18
1676003368, 4, 14, 16, 0, 0, 0.07%, 0, 0, 3, 171.78
1676003373, 4, 15, 16, 0, 0, 0.07%, 0, 0, 3, 177.91
1676003378, 5, 0, 16, 0, 0, 0.07%, 0, 0, 3, 180.86
1676003383, 5, 2, 16, 0, 0, 0.07%, 0, 0, 3, 172.66
1676003388, 5, 3, 16, 0, 0, 0.07%, 0, 0, 3, 166.67
1676003393, 5, 5, 16, 0, 0, 0.07%, 0, 0, 3, 156.46
1676003398, 5, 6, 16, 0, 0, 0.07%, 0, 0, 3, 156.97
1676003403, 5, 7, 16, 0, 0, 0.07%, 0, 0, 3, 145.88
1676003409, 5, 8, 16, 0, 0, 0.07%, 0, 0, 3, 170.66
1676003414, 5, 9, 16, 0, 0, 0.07%, 0, 0, 3, 172.69
1676003419, 5, 11, 16, 0, 0, 0.07%, 0, 0, 3, 168.19
1676003424, 5, 12, 16, 0, 0, 0.07%, 0, 0, 3, 169.92
1676003429, 5, 13, 16, 0, 0, 0.07%, 0, 0, 3, 173.47
1676003434, 5, 15, 16, 0, 0, 0.07%, 0, 0, 3, 176.56
1676003439, 6, 0, 16, 0, 0, 0.07%, 0, 0, 3, 177.94
1676003444, 6, 1, 16, 0, 0, 0.07%, 0, 0, 3, 172.60
1676003449, 6, 3, 16, 0, 0, 0.07%, 0, 0, 3, 173.08
1676003455, 6, 5, 16, 0, 0, 0.07%, 0, 0, 3, 177.98
1676003460, 6, 6, 16, 0, 0, 0.07%, 0, 0, 3, 177.95
1676003465, 6, 7, 16, 0, 0, 0.07%, 0, 0, 3, 177.31
1676003470, 6, 9, 16, 0, 0, 0.07%, 0, 0, 3, 165.59
1676003475, 6, 10, 16, 0, 0, 0.07%, 0, 0, 3, 167.02
1676003480, 6, 11, 16, 0, 0, 0.07%, 0, 0, 3, 170.01
1676003485, 6, 12, 16, 0, 0, 0.07%, 0, 0, 3, 166.80
1676003491, 6, 14, 16, 0, 0, 0.07%, 0, 0, 3, 175.10
1676003496, 6, 15, 16, 0, 0, 0.07%, 0, 0, 3, 174.19
1676003501, 7, 0, 16, 0, 0, 0.07%, 0, 0, 3, 172.09
1676003506, 7, 2, 16, 0, 0, 0.07%, 0, 0, 3, 180.86
1676003511, 7, 4, 16, 0, 0, 0.07%, 0, 0, 3, 178.11
1676003516, 7, 16, 17, 1, 1, 0.08%, 0, 0, 3, 176.55
1676003521, 7, 16, 17, 1, 1, 0.08%, 1, 0, 3, 176.67
1676003562, 7, 16, 18, 2, 1, 0.10%, 1, 0, 4, 177.87
1676003567, 7, 17, 20, 3, 1, 0.11%, 1, 0, 5, 173.78
1676003572, 7, 17, 21, 4, 1, 0.12%, 1, 0, 5, 173.91
1676003577, 7, 17, 22, 5, 1, 0.13%, 1, 0, 5, 172.21
1676003628, 7, 17, 23, 6, 1, 0.13%, 1, 0, 5, 175.55
1676003638, 7, 17, 24, 7, 1, 0.13%, 1, 0, 5, 167.60
1676003648, 7, 17, 25, 8, 1, 0.13%, 1, 0, 5, 169.14
1676003679, 7, 17, 26, 9, 1, 0.14%, 1, 0, 5, 168.81
1676003689, 7, 17, 27, 10, 1, 0.14%, 1, 0, 5, 168.28
1676003800, 7, 18, 28, 10, 9, 0.14%, 1, 0, 6, 177.62
1676003871, 7, 18, 30, 12, 9, 0.15%, 1, 0, 6, 170.47
1676003978, 7, 18, 31, 13, 9, 0.15%, 1, 0, 6, 162.32
1676004029, 7, 19, 31, 12, 12, 0.15%, 1, 0, 6, 165.25
1676004039, 7, 19, 32, 13, 12, 0.15%, 1, 0, 6, 171.81
1676004151, 7, 20, 33, 13, 13, 0.15%, 1, 0, 6, 165.23
1676004299, 7, 21, 33, 12, 12, 0.15%, 1, 0, 6, 151.46
1676004400, 7, 22, 33, 11, 11, 0.15%, 1, 0, 6, 165.90
1676004567, 7, 23, 33, 10, 10, 0.15%, 1, 0, 6, 169.69
1676004745, 7, 24, 33, 9, 9, 0.15%, 1, 0, 6, 168.63
1676004913, 7, 25, 33, 8, 8, 0.15%, 1, 0, 6, 159.25
1676005066, 7, 26, 33, 7, 7, 0.15%, 1, 0, 6, 169.52
1676005240, 7, 27, 33, 6, 6, 0.15%, 1, 0, 6, 153.46
1676005418, 7, 28, 33, 5, 5, 0.15%, 1, 0, 6, 146.09
1676005602, 7, 29, 33, 4, 4, 0.15%, 1, 0, 6, 140.09
1676005798, 7, 30, 33, 3, 3, 0.15%, 1, 0, 6, 138.01
1676005935, 7, 31, 33, 2, 2, 0.15%, 1, 0, 6, 153.79
1676006037, 7, 32, 33, 1, 1, 0.15%, 1, 0, 6, 152.30
1676006200, 8, 0, 33, 0, 0, 0.15%, 1, 0, 6, 175.34
1676006205, 8, 2, 33, 0, 0, 0.15%, 1, 0, 6, 170.37
1676006210, 8, 4, 33, 0, 0, 0.15%, 1, 0, 6, 167.99
1676006216, 8, 5, 33, 0, 0, 0.15%, 1, 0, 6, 167.47
1676006221, 8, 6, 33, 0, 0, 0.15%, 1, 0, 6, 172.01
1676006226, 8, 8, 33, 0, 0, 0.15%, 1, 0, 6, 166.02
1676006231, 8, 9, 33, 0, 0, 0.15%, 1, 0, 6, 168.86
1676006236, 8, 11, 33, 0, 0, 0.15%, 1, 0, 6, 164.38
1676006241, 8, 12, 33, 0, 0, 0.15%, 1, 0, 6, 159.64
1676006246, 8, 14, 33, 0, 0, 0.15%, 1, 0, 6, 166.42
1676006251, 8, 16, 33, 0, 0, 0.15%, 1, 0, 6, 163.28
1676006261, 8, 17, 33, 0, 0, 0.15%, 1, 0, 6, 150.23
1676006277, 8, 18, 33, 0, 0, 0.15%, 1, 0, 6, 159.23
1676006307, 8, 19, 33, 0, 0, 0.15%, 1, 0, 6, 150.42
1676006327, 8, 20, 33, 0, 0, 0.15%, 1, 0, 6, 151.96
1676006352, 8, 21, 33, 0, 0, 0.15%, 1, 0, 6, 150.63
1676006373, 8, 22, 33, 0, 0, 0.15%, 1, 0, 6, 161.30
1676006408, 8, 23, 33, 0, 0, 0.15%, 1, 0, 6, 123.70
1676006439, 8, 24, 33, 0, 0, 0.15%, 1, 0, 6, 163.54
1676006464, 8, 25, 33, 0, 0, 0.15%, 1, 0, 6, 160.64
1676006485, 8, 26, 33, 0, 0, 0.15%, 1, 0, 6, 154.10
1676006510, 8, 27, 33, 0, 0, 0.15%, 1, 0, 6, 146.87
1676006540, 8, 28, 33, 0, 0, 0.15%, 1, 0, 6, 104.74
1676006576, 8, 29, 33, 0, 0, 0.15%, 1, 0, 6, 27.65
1676006607, 8, 30, 33, 0, 0, 0.15%, 1, 0, 6, 154.01
1676006627, 8, 31, 33, 0, 0, 0.15%, 1, 0, 6, 161.65
1676006643, 8, 32, 33, 0, 0, 0.15%, 1, 0, 6, 149.80
1676006668, 9, 0, 33, 0, 0, 0.15%, 1, 0, 6, 138.12
1676006673, 9, 1, 33, 0, 0, 0.15%, 1, 0, 6, 135.52
1676006678, 9, 4, 33, 0, 0, 0.15%, 1, 0, 6, 161.22
1676006683, 9, 5, 33, 0, 0, 0.15%, 1, 0, 6, 174.95
1676006688, 9, 6, 33, 0, 0, 0.15%, 1, 0, 6, 159.31
1676006693, 9, 8, 33, 0, 0, 0.15%, 1, 0, 6, 157.09
1676006698, 9, 9, 33, 0, 0, 0.15%, 1, 0, 6, 90.32
1676006714, 9, 11, 33, 0, 0, 0.15%, 1, 0, 6, 147.22
1676006719, 9, 12, 33, 0, 0, 0.15%, 1, 0, 6, 149.19
1676006724, 9, 13, 33, 0, 0, 0.15%, 1, 0, 6, 143.76
1676006729, 9, 15, 33, 0, 0, 0.15%, 1, 0, 6, 150.04
1676006734, 9, 16, 33, 0, 0, 0.15%, 1, 0, 6, 125.34
1676006739, 9, 17, 33, 0, 0, 0.15%, 1, 0, 6, 155.87
1676006760, 9, 18, 33, 0, 0, 0.15%, 1, 0, 6, 163.93
1676006790, 9, 19, 33, 0, 0, 0.15%, 1, 0, 6, 139.54
1676006816, 9, 20, 33, 0, 0, 0.15%, 1, 0, 6, 164.46
1676006842, 9, 21, 33, 0, 0, 0.15%, 1, 0, 6, 167.26
1676006857, 9, 22, 33, 0, 0, 0.15%, 1, 0, 6, 170.06
1676006882, 9, 23, 33, 0, 0, 0.15%, 1, 0, 6, 162.47
1676006908, 9, 24, 33, 0, 0, 0.15%, 1, 0, 6, 168.26
1676006933, 9, 25, 33, 0, 0, 0.15%, 1, 0, 6, 173.34
1676006953, 9, 26, 33, 0, 0, 0.15%, 1, 0, 6, 153.29
1676006984, 9, 27, 33, 0, 0, 0.15%, 1, 0, 6, 76.03
1676006999, 9, 27, 33, 0, 0, 0.15%, 2, 0, 6, 150.75
1676007015, 9, 28, 33, 0, 0, 0.15%, 2, 0, 6, 171.34
1676007040, 9, 29, 33, 0, 0, 0.15%, 2, 0, 6, 171.16
1676007066, 9, 30, 33, 0, 0, 0.15%, 2, 0, 6, 180.17
1676007086, 9, 31, 33, 0, 0, 0.15%, 2, 0, 6, 173.32
1676007101, 9, 32, 33, 0, 0, 0.15%, 2, 0, 6, 166.75
1676007121, 10, 0, 33, 0, 0, 0.15%, 2, 0, 6, 167.26
1676007126, 10, 2, 33, 0, 0, 0.15%, 2, 0, 6, 171.40
1676007131, 10, 4, 33, 0, 0, 0.15%, 2, 0, 6, 170.02
1676007136, 10, 6, 33, 0, 0, 0.15%, 2, 0, 6, 178.53
1676007141, 10, 7, 33, 0, 0, 0.15%, 2, 0, 6, 174.29
1676007147, 10, 9, 33, 0, 0, 0.15%, 2, 0, 6, 178.78
1676007152, 10, 10, 33, 0, 0, 0.15%, 2, 0, 6, 166.06
1676007157, 10, 11, 33, 0, 0, 0.15%, 2, 0, 6, 163.34
1676007162, 10, 13, 33, 0, 0, 0.15%, 2, 0, 6, 164.09
1676007167, 10, 15, 33, 0, 0, 0.15%, 2, 0, 6, 168.68
1676007172, 10, 16, 33, 0, 0, 0.15%, 2, 0, 6, 174.07
1676007177, 10, 17, 33, 0, 0, 0.15%, 2, 0, 6, 167.46
1676007193, 10, 18, 33, 0, 0, 0.15%, 2, 0, 6, 161.15
1676007223, 10, 19, 33, 0, 0, 0.15%, 2, 0, 6, 163.22
1676007238, 10, 20, 33, 0, 0, 0.15%, 2, 0, 6, 173.88
1676007263, 10, 21, 33, 0, 0, 0.15%, 2, 0, 6, 164.49
1676007284, 10, 22, 33, 0, 0, 0.15%, 2, 0, 6, 161.84
1676007314, 10, 23, 33, 0, 0, 0.15%, 2, 0, 6, 160.88
1676007340, 10, 24, 33, 0, 0, 0.15%, 2, 0, 6, 160.25
1676007365, 10, 25, 33, 0, 0, 0.15%, 2, 0, 6, 167.23
1676007381, 10, 26, 33, 0, 0, 0.15%, 2, 0, 6, 165.89
1676007406, 10, 27, 33, 0, 0, 0.15%, 2, 0, 6, 169.62
1676007432, 10, 28, 33, 0, 0, 0.15%, 2, 0, 6, 177.19
1676007457, 10, 29, 33, 0, 0, 0.15%, 2, 0, 6, 162.77
1676007488, 10, 30, 33, 0, 0, 0.15%, 2, 0, 6, 167.84
1676007503, 10, 31, 33, 0, 0, 0.15%, 2, 0, 6, 165.40
1676007523, 10, 32, 33, 0, 0, 0.15%, 2, 0, 6, 177.36
1676007539, 11, 0, 33, 0, 0, 0.15%, 2, 0, 6, 171.52
1676007544, 11, 1, 33, 0, 0, 0.15%, 2, 0, 6, 151.94
1676007549, 11, 3, 33, 0, 0, 0.15%, 2, 0, 6, 158.66
1676007554, 11, 5, 33, 0, 0, 0.15%, 2, 0, 6, 159.80
1676007559, 11, 6, 33, 0, 0, 0.15%, 2, 0, 6, 160.16
1676007564, 11, 8, 33, 0, 0, 0.15%, 2, 0, 6, 156.71
1676007569, 11, 9, 33, 0, 0, 0.15%, 2, 0, 6, 150.41
1676007574, 11, 10, 33, 0, 0, 0.15%, 2, 0, 6, 157.49
1676007579, 11, 11, 33, 0, 0, 0.15%, 2, 0, 6, 165.36
1676007584, 11, 13, 33, 0, 0, 0.15%, 2, 0, 6, 173.17
1676007589, 11, 15, 33, 0, 0, 0.15%, 2, 0, 6, 172.70
1676007594, 11, 16, 33, 0, 0, 0.15%, 2, 0, 6, 156.66
1676007599, 11, 17, 33, 0, 0, 0.15%, 2, 0, 6, 149.10
1676007609, 11, 18, 33, 0, 0, 0.15%, 2, 0, 6, 162.49
1676007620, 11, 19, 33, 0, 0, 0.15%, 2, 0, 6, 164.00
1676007630, 11, 20, 33, 0, 0, 0.15%, 2, 0, 6, 161.72
1676007640, 11, 21, 33, 0, 0, 0.15%, 2, 0, 6, 162.87
1676007650, 11, 22, 33, 0, 0, 0.15%, 2, 0, 6, 160.96
1676007665, 11, 23, 33, 0, 0, 0.15%, 2, 0, 6, 159.18
1676007676, 11, 24, 33, 0, 0, 0.15%, 2, 0, 6, 171.18
1676007691, 11, 25, 33, 0, 0, 0.15%, 2, 0, 6, 175.16
1676007701, 11, 26, 33, 0, 0, 0.15%, 2, 0, 6, 166.23
1676007711, 11, 27, 33, 0, 0, 0.15%, 2, 0, 6, 167.62
1676007726, 11, 28, 33, 0, 0, 0.15%, 2, 0, 6, 167.04
1676007737, 11, 29, 33, 0, 0, 0.15%, 2, 0, 6, 167.36
1676007752, 11, 30, 33, 0, 0, 0.15%, 2, 0, 6, 171.41
1676007762, 11, 31, 33, 0, 0, 0.15%, 2, 0, 6, 172.13
1676007767, 11, 32, 33, 0, 0, 0.15%, 2, 0, 6, 176.57
1676007777, 12, 0, 33, 0, 0, 0.15%, 2, 0, 6, 168.19
1676007782, 12, 2, 33, 0, 0, 0.15%, 2, 0, 6, 173.20
1676007787, 12, 4, 33, 0, 0, 0.15%, 2, 0, 6, 162.95
1676007792, 12, 5, 33, 0, 0, 0.15%, 2, 0, 6, 166.76
1676007798, 12, 7, 33, 0, 0, 0.15%, 2, 0, 6, 170.52
1676007803, 12, 8, 33, 0, 0, 0.15%, 2, 0, 6, 164.89
1676007808, 12, 9, 33, 0, 0, 0.15%, 2, 0, 6, 169.61
1676007813, 12, 11, 33, 0, 0, 0.15%, 2, 0, 6, 173.90
1676007818, 12, 12, 33, 0, 0, 0.15%, 2, 0, 6, 162.50
1676007823, 12, 14, 33, 0, 0, 0.15%, 2, 0, 6, 163.94
1676007828, 12, 16, 33, 0, 0, 0.15%, 2, 0, 6, 175.40
1676007833, 12, 17, 33, 0, 0, 0.15%, 2, 0, 6, 174.77
1676007844, 12, 18, 33, 0, 0, 0.15%, 2, 0, 6, 173.38
1676007854, 12, 19, 33, 0, 0, 0.15%, 2, 0, 6, 170.07
1676007869, 12, 20, 33, 0, 0, 0.15%, 2, 0, 6, 165.53
1676007879, 12, 21, 33, 0, 0, 0.15%, 2, 0, 6, 169.72
1676007889, 12, 22, 33, 0, 0, 0.15%, 2, 0, 6, 166.20
1676007899, 12, 23, 33, 0, 0, 0.15%, 2, 0, 6, 158.71
1676007915, 12, 24, 33, 0, 0, 0.15%, 2, 0, 6, 183.57
1676007925, 12, 25, 33, 0, 0, 0.15%, 2, 0, 6, 178.66
1676007935, 12, 26, 33, 0, 0, 0.15%, 2, 0, 6, 175.99
1676007950, 12, 27, 33, 0, 0, 0.15%, 2, 0, 6, 161.12
1676007961, 12, 28, 33, 0, 0, 0.15%, 2, 0, 6, 171.34
1676007976, 12, 29, 33, 0, 0, 0.15%, 2, 0, 6, 169.04
1676007986, 12, 30, 33, 0, 0, 0.15%, 2, 0, 6, 173.37
1676007996, 12, 31, 33, 0, 0, 0.15%, 2, 0, 6, 169.57
1676008006, 12, 32, 33, 0, 0, 0.15%, 2, 0, 6, 179.18
1676008011, 13, 0, 33, 0, 0, 0.15%, 2, 0, 6, 183.19
1676008016, 13, 1, 33, 0, 0, 0.15%, 2, 0, 6, 184.06
1676008022, 13, 4, 33, 0, 0, 0.15%, 2, 0, 6, 175.82
1676008027, 13, 5, 33, 0, 0, 0.15%, 2, 0, 6, 171.55
1676008032, 13, 6, 33, 0, 0, 0.15%, 3, 0, 6, 164.23
1676008037, 13, 8, 33, 0, 0, 0.15%, 3, 0, 6, 171.17
1676008042, 13, 9, 33, 0, 0, 0.15%, 3, 0, 6, 164.45
1676008047, 13, 11, 33, 0, 0, 0.15%, 3, 0, 6, 167.98
1676008052, 13, 12, 33, 0, 0, 0.15%, 3, 0, 6, 173.04
1676008057, 13, 14, 33, 0, 0, 0.15%, 3, 0, 6, 171.12
1676008063, 13, 16, 33, 0, 0, 0.15%, 3, 0, 6, 168.98
1676008068, 13, 17, 33, 0, 0, 0.15%, 3, 0, 6, 165.94
1676008073, 13, 18, 33, 0, 0, 0.15%, 3, 0, 6, 166.81
1676008088, 13, 19, 33, 0, 0, 0.15%, 3, 0, 6, 164.77
1676008098, 13, 20, 33, 0, 0, 0.15%, 3, 0, 6, 175.04
1676008108, 13, 21, 33, 0, 0, 0.15%, 3, 0, 6, 166.19
1676008119, 13, 22, 33, 0, 0, 0.15%, 3, 0, 6, 164.26
1676008134, 13, 23, 33, 0, 0, 0.15%, 3, 0, 6, 169.90
1676008144, 13, 24, 33, 0, 0, 0.15%, 3, 0, 6, 167.31
1676008159, 13, 25, 33, 0, 0, 0.15%, 3, 0, 6, 160.61
1676008169, 13, 26, 33, 0, 0, 0.15%, 3, 0, 6, 165.03
1676008179, 13, 27, 33, 0, 0, 0.15%, 3, 0, 6, 176.68
1676008195, 13, 28, 33, 0, 0, 0.15%, 3, 0, 6, 150.35
1676008205, 13, 29, 33, 0, 0, 0.15%, 3, 0, 6, 160.77
1676008220, 13, 30, 33, 0, 0, 0.15%, 3, 0, 6, 164.25
1676008230, 13, 31, 33, 0, 0, 0.15%, 3, 0, 6, 166.49
1676008235, 13, 32, 33, 0, 0, 0.15%, 3, 0, 6, 170.77
1676008246, 14, 0, 33, 0, 0, 0.15%, 3, 0, 6, 165.98
1676008251, 14, 1, 33, 0, 0, 0.15%, 3, 0, 6, 170.87
1676008256, 14, 3, 33, 0, 0, 0.15%, 3, 0, 6, 168.48
1676008261, 14, 5, 33, 0, 0, 0.15%, 3, 0, 6, 168.45
1676008266, 14, 6, 33, 0, 0, 0.15%, 3, 0, 6, 170.33
1676008271, 14, 8, 33, 0, 0, 0.15%, 3, 0, 6, 166.15
1676008276, 14, 9, 33, 0, 0, 0.15%, 3, 0, 6, 170.13
1676008281, 14, 10, 33, 0, 0, 0.15%, 3, 0, 6, 163.31
1676008286, 14, 12, 33, 0, 0, 0.15%, 3, 0, 6, 161.93
1676008292, 14, 14, 33, 0, 0, 0.15%, 3, 0, 6, 172.68
1676008297, 14, 16, 33, 0, 0, 0.15%, 3, 0, 6, 185.08
1676008302, 14, 17, 33, 0, 0, 0.15%, 3, 0, 6, 185.41
1676008307, 14, 18, 33, 0, 0, 0.15%, 3, 0, 6, 181.15
1676008322, 14, 19, 33, 0, 0, 0.15%, 3, 0, 6, 168.73
1676008332, 14, 20, 33, 0, 0, 0.15%, 3, 0, 6, 171.49
1676008343, 14, 21, 33, 0, 0, 0.15%, 3, 0, 6, 170.21
1676008353, 14, 22, 33, 0, 0, 0.15%, 3, 0, 6, 171.51
1676008363, 14, 23, 33, 0, 0, 0.15%, 3, 0, 6, 171.38
1676008378, 14, 24, 33, 0, 0, 0.15%, 3, 0, 6, 173.25
1676008388, 14, 25, 33, 0, 0, 0.15%, 3, 0, 6, 178.68
1676008399, 14, 26, 33, 0, 0, 0.15%, 3, 0, 6, 175.80
1676008409, 14, 27, 33, 0, 0, 0.15%, 3, 0, 6, 160.49
1676008424, 14, 28, 33, 0, 0, 0.15%, 3, 0, 6, 168.88
1676008439, 14, 29, 33, 0, 0, 0.15%, 3, 0, 6, 167.84
1676008449, 14, 30, 33, 0, 0, 0.15%, 3, 0, 6, 173.43
1676008459, 14, 31, 33, 0, 0, 0.15%, 3, 0, 6, 174.33
1676008470, 14, 32, 33, 0, 0, 0.15%, 3, 0, 6, 164.14
1676008480, 15, 1, 33, 0, 0, 0.15%, 3, 0, 6, 169.13
1676008485, 15, 3, 33, 0, 0, 0.15%, 3, 0, 6, 163.76
1676008490, 15, 5, 33, 0, 0, 0.15%, 3, 0, 6, 163.01
1676008495, 15, 6, 33, 0, 0, 0.15%, 3, 0, 6, 160.21
1676008500, 15, 7, 33, 0, 0, 0.15%, 3, 0, 6, 149.63
1676008505, 15, 8, 33, 0, 0, 0.15%, 3, 0, 6, 151.75
1676008510, 15, 10, 33, 0, 0, 0.15%, 3, 0, 6, 162.93
1676008515, 15, 11, 33, 0, 0, 0.15%, 3, 0, 6, 168.97
1676008520, 15, 12, 33, 0, 0, 0.15%, 3, 0, 6, 166.14
1676008525, 15, 15, 33, 0, 0, 0.15%, 3, 0, 6, 172.99
1676008531, 15, 16, 33, 0, 0, 0.15%, 3, 0, 6, 176.74
1676008536, 15, 17, 33, 0, 0, 0.15%, 3, 0, 6, 176.39
1676008541, 15, 18, 33, 0, 0, 0.15%, 3, 0, 6, 172.21
1676008556, 15, 19, 33, 0, 0, 0.15%, 3, 0, 6, 163.07
1676008561, 15, 20, 33, 0, 0, 0.15%, 3, 0, 6, 161.26
1676008576, 15, 21, 33, 0, 0, 0.15%, 3, 0, 6, 171.41
1676008586, 15, 22, 33, 0, 0, 0.15%, 3, 0, 6, 169.38
1676008597, 15, 23, 33, 0, 0, 0.15%, 3, 0, 6, 170.02
1676008612, 15, 24, 33, 0, 0, 0.15%, 3, 0, 6, 166.44
1676008622, 15, 25, 33, 0, 0, 0.15%, 3, 0, 6, 169.78
1676008632, 15, 26, 33, 0, 0, 0.15%, 3, 0, 6, 175.18
1676008647, 15, 27, 33, 0, 0, 0.15%, 3, 0, 6, 169.04
1676008658, 15, 28, 33, 0, 0, 0.15%, 3, 0, 6, 164.02
1676008668, 15, 29, 33, 0, 0, 0.15%, 3, 0, 6, 177.09
1676008683, 15, 30, 33, 0, 0, 0.15%, 3, 0, 6, 165.05
1676008693, 15, 31, 33, 0, 0, 0.15%, 3, 0, 6, 170.45
1676008698, 15, 32, 33, 0, 0, 0.15%, 3, 0, 6, 171.01
1676008709, 16, 0, 33, 0, 0, 0.15%, 3, 0, 6, 171.59
1676008714, 16, 1, 33, 0, 0, 0.15%, 3, 0, 6, 158.92
1676008719, 16, 4, 33, 0, 0, 0.15%, 3, 0, 6, 165.37
1676008724, 16, 5, 33, 0, 0, 0.15%, 3, 0, 6, 166.49
1676008729, 16, 6, 33, 0, 0, 0.15%, 3, 0, 6, 167.35
1676008734, 16, 8, 33, 0, 0, 0.15%, 3, 0, 6, 165.48
1676008739, 16, 9, 33, 0, 0, 0.15%, 3, 0, 6, 164.75
1676008744, 16, 10, 33, 0, 0, 0.15%, 3, 0, 6, 164.44
1676008749, 16, 12, 33, 0, 0, 0.15%, 3, 0, 6, 168.83
1676008754, 16, 14, 33, 0, 0, 0.15%, 3, 0, 6, 162.41
1676008759, 16, 15, 33, 0, 0, 0.15%, 3, 0, 6, 168.83
1676008764, 16, 17, 33, 0, 0, 0.15%, 3, 0, 6, 164.83
1676008775, 16, 18, 33, 0, 0, 0.15%, 3, 0, 6, 175.17
1676008785, 16, 19, 33, 0, 0, 0.15%, 3, 0, 6, 169.94
1676008795, 16, 20, 33, 0, 0, 0.15%, 3, 0, 6, 151.30
1676008810, 16, 21, 33, 0, 0, 0.15%, 3, 0, 6, 163.92
1676008820, 16, 22, 33, 0, 0, 0.15%, 3, 0, 6, 164.95
1676008830, 16, 23, 33, 0, 0, 0.15%, 3, 0, 6, 166.05
1676008846, 16, 24, 33, 0, 0, 0.15%, 3, 0, 6, 169.64
1676008856, 16, 25, 33, 0, 0, 0.15%, 3, 0, 6, 167.22
1676008866, 16, 26, 33, 0, 0, 0.15%, 3, 0, 6, 168.82
1676008881, 16, 27, 33, 0, 0, 0.15%, 3, 0, 6, 168.97
1676008891, 16, 28, 33, 0, 0, 0.15%, 3, 0, 6, 180.86
1676008902, 16, 29, 33, 0, 0, 0.15%, 3, 0, 6, 176.00
1676008917, 16, 30, 33, 0, 0, 0.15%, 3, 0, 6, 172.14
1676008927, 16, 31, 33, 0, 0, 0.15%, 3, 0, 6, 168.12
1676008932, 16, 32, 33, 0, 0, 0.15%, 3, 0, 6, 170.57
1676008942, 17, 0, 33, 0, 0, 0.15%, 3, 0, 6, 163.70
1676008948, 17, 1, 33, 0, 0, 0.15%, 3, 0, 6, 161.48
1676008953, 17, 3, 33, 0, 0, 0.15%, 3, 0, 6, 159.75
1676008958, 17, 5, 33, 0, 0, 0.15%, 3, 0, 6, 163.29
1676008963, 17, 6, 33, 0, 0, 0.15%, 3, 0, 6, 162.68
1676008968, 17, 8, 33, 0, 0, 0.15%, 3, 0, 6, 171.07
1676008973, 17, 9, 33, 0, 0, 0.15%, 3, 0, 6, 170.25
1676008978, 17, 10, 33, 0, 0, 0.15%, 3, 0, 6, 176.19
1676008983, 17, 12, 33, 0, 0, 0.15%, 3, 0, 6, 173.70
1676008988, 17, 13, 33, 0, 0, 0.15%, 3, 0, 6, 164.26
1676008993, 17, 15, 33, 0, 0, 0.15%, 3, 0, 6, 170.04
1676008998, 17, 17, 33, 0, 0, 0.15%, 3, 0, 6, 171.38
1676009008, 17, 18, 33, 0, 0, 0.15%, 3, 0, 6, 148.12
1676009024, 17, 19, 33, 0, 0, 0.15%, 3, 0, 6, 162.29
1676009034, 17, 20, 33, 0, 0, 0.15%, 3, 0, 6, 171.85
1676009044, 17, 21, 33, 0, 0, 0.15%, 3, 0, 6, 171.14
1676009054, 17, 22, 33, 0, 0, 0.15%, 3, 0, 6, 158.90
1676009070, 17, 23, 33, 0, 0, 0.15%, 3, 0, 6, 166.36
1676009080, 17, 24, 33, 0, 0, 0.15%, 3, 0, 6, 173.50
1676009095, 17, 25, 33, 0, 0, 0.15%, 3, 0, 6, 146.78
1676009105, 17, 26, 33, 0, 0, 0.15%, 3, 0, 6, 150.45
1676009115, 17, 27, 33, 0, 0, 0.15%, 3, 0, 6, 173.63
1676009130, 17, 28, 33, 0, 0, 0.15%, 3, 0, 6, 165.66
1676009140, 17, 29, 33, 0, 0, 0.15%, 3, 0, 6, 165.87
1676009156, 17, 30, 33, 0, 0, 0.15%, 3, 0, 6, 166.30
1676009166, 17, 31, 33, 0, 0, 0.15%, 3, 0, 6, 121.92
1676009176, 17, 32, 33, 0, 0, 0.15%, 3, 0, 6, 100.24
1676009197, 18, 0, 33, 0, 0, 0.15%, 3, 0, 6, 86.69
1676009202, 18, 1, 33, 0, 0, 0.15%, 3, 0, 6, 116.58
1676009207, 18, 3, 33, 0, 0, 0.15%, 3, 0, 6, 148.43
1676009212, 18, 4, 33, 0, 0, 0.15%, 3, 0, 6, 125.90
1676009217, 18, 5, 33, 0, 0, 0.15%, 3, 0, 6, 95.12
1676009222, 18, 6, 33, 0, 0, 0.15%, 3, 0, 6, 86.31
1676009232, 18, 8, 33, 0, 0, 0.15%, 3, 0, 6, 84.18
1676009238, 18, 9, 33, 0, 0, 0.15%, 3, 0, 6, 89.36
1676009248, 18, 10, 33, 0, 0, 0.15%, 3, 0, 6, 85.45
1676009258, 18, 11, 33, 0, 0, 0.15%, 3, 0, 6, 87.12
1676009263, 18, 13, 33, 0, 0, 0.15%, 3, 0, 6, 144.04
1676009268, 18, 15, 33, 0, 0, 0.15%, 3, 0, 6, 158.63
1676009274, 18, 16, 33, 0, 0, 0.15%, 3, 0, 6, 177.43
1676009279, 18, 17, 33, 0, 0, 0.15%, 3, 0, 6, 171.46
1676009284, 18, 18, 33, 0, 0, 0.15%, 3, 0, 6, 163.79
1676009299, 18, 19, 33, 0, 0, 0.15%, 3, 0, 6, 162.88
1676009304, 18, 20, 33, 0, 0, 0.15%, 3, 0, 6, 161.79
1676009319, 18, 21, 33, 0, 0, 0.15%, 3, 0, 6, 165.71
1676009330, 18, 22, 33, 0, 0, 0.15%, 3, 0, 6, 158.17
1676009345, 18, 23, 33, 0, 0, 0.15%, 3, 0, 6, 159.07
1676009355, 18, 24, 33, 0, 0, 0.15%, 3, 0, 6, 158.17
1676009370, 18, 25, 33, 0, 0, 0.15%, 3, 0, 6, 159.47
1676009380, 18, 26, 33, 0, 0, 0.15%, 3, 0, 6, 163.19
1676009396, 18, 27, 33, 0, 0, 0.15%, 3, 0, 6, 147.28
1676009406, 18, 28, 33, 0, 0, 0.15%, 3, 0, 6, 144.24
1676009421, 18, 29, 33, 0, 0, 0.15%, 3, 0, 6, 172.55
1676009436, 18, 30, 33, 0, 0, 0.15%, 3, 0, 6, 174.44
1676009441, 18, 31, 33, 0, 0, 0.15%, 3, 0, 6, 177.05
1676009452, 18, 32, 33, 0, 0, 0.15%, 3, 0, 6, 168.64
1676009462, 19, 1, 33, 0, 0, 0.15%, 3, 0, 6, 170.96
1676009467, 19, 3, 33, 0, 0, 0.15%, 3, 0, 6, 175.99
1676009472, 19, 5, 33, 0, 0, 0.15%, 3, 0, 6, 176.99
1676009477, 19, 6, 33, 0, 0, 0.15%, 3, 0, 6, 173.04
1676009482, 19, 8, 33, 0, 0, 0.15%, 3, 0, 6, 166.69
1676009487, 19, 9, 33, 0, 0, 0.15%, 3, 0, 6, 169.34
1676009492, 19, 10, 33, 0, 0, 0.15%, 3, 0, 6, 163.49
1676009497, 19, 11, 33, 0, 0, 0.15%, 3, 0, 6, 162.14
1676009502, 19, 13, 33, 0, 0, 0.15%, 3, 0, 6, 168.68
1676009507, 19, 15, 33, 0, 0, 0.15%, 3, 0, 6, 167.32
1676009512, 19, 17, 33, 0, 0, 0.15%, 3, 0, 6, 170.35
1676009522, 19, 18, 33, 0, 0, 0.15%, 3, 0, 6, 169.73
1676009533, 19, 19, 33, 0, 0, 0.15%, 3, 0, 6, 172.62
1676009543, 19, 20, 33, 0, 0, 0.15%, 3, 0, 6, 168.73
1676009558, 19, 21, 33, 0, 0, 0.15%, 3, 0, 6, 174.68
1676009568, 19, 22, 33, 0, 0, 0.15%, 3, 0, 6, 176.54
1676009578, 19, 23, 33, 0, 0, 0.15%, 3, 0, 6, 164.57
1676009589, 19, 24, 33, 0, 0, 0.15%, 3, 0, 6, 175.83
1676009604, 19, 25, 33, 0, 0, 0.15%, 3, 0, 6, 166.34
1676009614, 19, 26, 33, 0, 0, 0.15%, 3, 0, 6, 166.84
1676009624, 19, 27, 33, 0, 0, 0.15%, 3, 0, 6, 166.07
1676009639, 19, 28, 33, 0, 0, 0.15%, 3, 0, 6, 167.77
1676009654, 19, 29, 33, 0, 0, 0.15%, 3, 0, 6, 168.00
1676009670, 19, 30, 33, 0, 0, 0.15%, 3, 0, 6, 135.38
1676009680, 19, 31, 33, 0, 0, 0.15%, 3, 0, 6, 169.51
1676009685, 19, 32, 33, 0, 0, 0.15%, 3, 0, 6, 167.32
1676009695, 20, 0, 33, 0, 0, 0.15%, 3, 0, 6, 161.87
1676009700, 20, 1, 33, 0, 0, 0.15%, 3, 0, 6, 155.76
1676009705, 20, 3, 33, 0, 0, 0.15%, 3, 0, 6, 151.32
1676009710, 20, 5, 33, 0, 0, 0.15%, 3, 0, 6, 166.66
1676009715, 20, 6, 33, 0, 0, 0.15%, 3, 0, 6, 169.12
1676009720, 20, 8, 33, 0, 0, 0.15%, 3, 0, 6, 156.21
1676009726, 20, 9, 33, 0, 0, 0.15%, 3, 0, 6, 165.66
1676009731, 20, 10, 33, 0, 0, 0.15%, 3, 0, 6, 163.22
1676009736, 20, 11, 33, 0, 0, 0.15%, 3, 0, 6, 165.16
1676009741, 20, 13, 33, 0, 0, 0.15%, 3, 0, 6, 165.43
1676009746, 20, 15, 33, 0, 0, 0.15%, 3, 0, 6, 163.77
1676009751, 20, 16, 33, 0, 0, 0.15%, 3, 0, 6, 162.04
1676009756, 20, 17, 33, 0, 0, 0.15%, 3, 0, 6, 165.52
1676009761, 20, 18, 33, 0, 0, 0.15%, 3, 0, 6, 174.20
1676009771, 20, 19, 33, 0, 0, 0.15%, 3, 0, 6, 174.05
1676009782, 20, 20, 33, 0, 0, 0.15%, 3, 0, 6, 170.11
1676009797, 20, 21, 33, 0, 0, 0.15%, 3, 0, 6, 169.31
1676009807, 20, 22, 33, 0, 0, 0.15%, 3, 0, 6, 165.01
1676009817, 20, 23, 33, 0, 0, 0.15%, 3, 0, 6, 168.22
1676009832, 20, 24, 33, 0, 0, 0.15%, 3, 0, 6, 171.01
1676009842, 20, 25, 33, 0, 0, 0.15%, 3, 0, 6, 157.87
1676009853, 20, 26, 33, 0, 0, 0.15%, 3, 0, 6, 161.67
1676009868, 20, 27, 33, 0, 0, 0.15%, 3, 0, 6, 181.04
1676009878, 20, 28, 33, 0, 0, 0.15%, 3, 0, 6, 173.62
1676009894, 20, 29, 33, 0, 0, 0.15%, 3, 0, 6, 165.23
1676009904, 20, 30, 33, 0, 0, 0.15%, 3, 0, 6, 160.85
1676009914, 20, 31, 33, 0, 0, 0.15%, 3, 0, 6, 159.29
1676009919, 20, 31, 33, 0, 0, 0.15%, 4, 0, 6, 163.67
1676009924, 20, 32, 33, 0, 0, 0.15%, 4, 0, 6, 165.58
1676009934, 21, 0, 33, 0, 0, 0.15%, 4, 0, 6, 167.25
1676009939, 21, 3, 33, 0, 0, 0.15%, 4, 0, 6, 178.90
1676009944, 21, 5, 33, 0, 0, 0.15%, 4, 0, 6, 172.33
1676009949, 21, 6, 33, 0, 0, 0.15%, 4, 0, 6, 171.30
1676009955, 21, 8, 33, 0, 0, 0.15%, 4, 0, 6, 173.34
1676009960, 21, 9, 33, 0, 0, 0.15%, 4, 0, 6, 173.53
1676009965, 21, 10, 33, 0, 0, 0.15%, 4, 0, 6, 165.51
1676009970, 21, 11, 33, 0, 0, 0.15%, 4, 0, 6, 167.36
1676009975, 21, 13, 33, 0, 0, 0.15%, 4, 0, 6, 175.22
1676009980, 21, 15, 33, 0, 0, 0.15%, 4, 0, 6, 170.92
1676009985, 21, 16, 33, 0, 0, 0.15%, 4, 0, 6, 168.40
1676009990, 21, 17, 33, 0, 0, 0.15%, 4, 0, 6, 163.53
1676009995, 21, 18, 33, 0, 0, 0.15%, 4, 0, 6, 140.06
1676010011, 21, 19, 33, 0, 0, 0.15%, 4, 0, 6, 147.50
1676010021, 21, 20, 33, 0, 0, 0.15%, 4, 0, 6, 158.20
1676010036, 21, 21, 33, 0, 0, 0.15%, 4, 0, 6, 165.44
1676010046, 21, 22, 33, 0, 0, 0.15%, 4, 0, 6, 169.21
1676010057, 21, 23, 33, 0, 0, 0.15%, 4, 0, 6, 176.92
1676010067, 21, 24, 33, 0, 0, 0.15%, 4, 0, 6, 178.53
1676010082, 21, 25, 33, 0, 0, 0.15%, 4, 0, 6, 169.03
1676010092, 21, 26, 33, 0, 0, 0.15%, 4, 0, 6, 166.03
1676010102, 21, 27, 33, 0, 0, 0.15%, 4, 0, 6, 168.60
1676010118, 21, 28, 33, 0, 0, 0.15%, 4, 0, 6, 167.78
1676010128, 21, 29, 33, 0, 0, 0.15%, 4, 0, 6, 172.60
1676010143, 21, 30, 33, 0, 0, 0.15%, 4, 0, 6, 173.25
1676010148, 21, 31, 33, 0, 0, 0.15%, 4, 0, 6, 165.42
1676010158, 21, 32, 33, 0, 0, 0.15%, 4, 0, 6, 170.88
1676010168, 22, 0, 33, 0, 0, 0.15%, 4, 0, 6, 178.94
1676010173, 22, 2, 33, 0, 0, 0.15%, 4, 0, 6, 164.56
1676010178, 22, 4, 33, 0, 0, 0.15%, 4, 0, 6, 159.92
1676010183, 22, 5, 33, 0, 0, 0.15%, 4, 0, 6, 160.43
1676010188, 22, 7, 33, 0, 0, 0.15%, 4, 0, 6, 163.51
1676010194, 22, 9, 33, 0, 0, 0.15%, 4, 0, 6, 161.98
1676010199, 22, 10, 33, 0, 0, 0.15%, 4, 0, 6, 169.96
1676010204, 22, 11, 33, 0, 0, 0.15%, 4, 0, 6, 163.15
1676010209, 22, 13, 33, 0, 0, 0.15%, 4, 0, 6, 159.51
1676010214, 22, 14, 33, 0, 0, 0.15%, 4, 0, 6, 161.58
1676010219, 22, 16, 33, 0, 0, 0.15%, 4, 0, 6, 168.39
1676010224, 22, 17, 33, 0, 0, 0.15%, 4, 0, 6, 167.52
1676010234, 22, 18, 33, 0, 0, 0.15%, 4, 0, 6, 171.93
1676010244, 22, 19, 33, 0, 0, 0.15%, 4, 0, 6, 164.85
1676010254, 22, 20, 33, 0, 0, 0.15%, 4, 0, 6, 170.60
1676010269, 22, 21, 33, 0, 0, 0.15%, 4, 0, 6, 159.39
1676010274, 22, 22, 33, 0, 0, 0.15%, 4, 0, 6, 165.37
1676010290, 22, 23, 33, 0, 0, 0.15%, 4, 0, 6, 164.09
1676010305, 22, 24, 33, 0, 0, 0.15%, 4, 0, 6, 155.74
1676010315, 22, 25, 33, 0, 0, 0.15%, 4, 0, 6, 167.86
1676010325, 22, 26, 33, 0, 0, 0.15%, 4, 0, 6, 168.18
1676010340, 22, 27, 33, 0, 0, 0.15%, 4, 0, 6, 164.78
1676010350, 22, 28, 33, 0, 0, 0.15%, 4, 0, 6, 165.37
1676010365, 22, 29, 33, 0, 0, 0.15%, 4, 0, 6, 167.56
1676010375, 22, 30, 33, 0, 0, 0.15%, 4, 0, 6, 165.32
1676010386, 22, 31, 33, 0, 0, 0.15%, 4, 0, 6, 164.68
1676010396, 22, 32, 33, 0, 0, 0.15%, 4, 0, 6, 178.80
1676010406, 23, 0, 33, 0, 0, 0.15%, 4, 0, 6, 170.57
1676010411, 23, 2, 33, 0, 0, 0.15%, 4, 0, 6, 164.72
1676010416, 23, 4, 33, 0, 0, 0.15%, 4, 0, 6, 169.11
1676010422, 23, 6, 33, 0, 0, 0.15%, 4, 0, 6, 166.09
1676010427, 23, 8, 33, 0, 0, 0.15%, 4, 0, 6, 174.76
1676010432, 23, 9, 33, 0, 0, 0.15%, 4, 0, 6, 176.63
1676010437, 23, 10, 33, 0, 0, 0.15%, 4, 0, 6, 174.28
1676010442, 23, 11, 33, 0, 0, 0.15%, 4, 0, 6, 170.04
1676010447, 23, 13, 33, 0, 0, 0.15%, 4, 0, 6, 170.89
1676010452, 23, 15, 33, 0, 0, 0.15%, 4, 0, 6, 167.49
1676010457, 23, 17, 33, 0, 0, 0.15%, 4, 0, 6, 167.58
1676010467, 23, 18, 33, 0, 0, 0.15%, 4, 0, 6, 173.23
1676010482, 23, 19, 33, 0, 0, 0.15%, 4, 0, 6, 170.50
1676010488, 23, 20, 33, 0, 0, 0.15%, 4, 0, 6, 176.25
1676010503, 23, 21, 33, 0, 0, 0.15%, 4, 0, 6, 163.25
1676010508, 23, 22, 33, 0, 0, 0.15%, 4, 0, 6, 172.96
1676010523, 23, 23, 33, 0, 0, 0.15%, 4, 0, 6, 165.47
1676010538, 23, 24, 33, 0, 0, 0.15%, 4, 0, 6, 163.24
1676010549, 23, 25, 33, 0, 0, 0.15%, 4, 0, 6, 173.54
1676010559, 23, 26, 33, 0, 0, 0.15%, 4, 0, 6, 166.50
1676010569, 23, 27, 33, 0, 0, 0.15%, 4, 0, 6, 171.50
1676010584, 23, 28, 33, 0, 0, 0.15%, 4, 0, 6, 153.37
1676010599, 23, 29, 33, 0, 0, 0.15%, 4, 0, 6, 130.25
1676010615, 23, 30, 33, 0, 0, 0.15%, 4, 0, 6, 165.43
1676010625, 23, 31, 33, 0, 0, 0.15%, 4, 0, 6, 172.96
1676010630, 23, 32, 33, 0, 0, 0.15%, 4, 0, 6, 164.88
1676010640, 24, 0, 33, 0, 0, 0.15%, 4, 0, 6, 179.04
1676010645, 24, 1, 33, 0, 0, 0.15%, 4, 0, 6, 186.34
1676010651, 24, 4, 33, 0, 0, 0.15%, 4, 0, 6, 175.59
1676010656, 24, 5, 33, 0, 0, 0.15%, 4, 0, 6, 166.63
1676010661, 24, 6, 33, 0, 0, 0.15%, 4, 0, 6, 162.31
1676010666, 24, 8, 33, 0, 0, 0.15%, 4, 0, 6, 166.53
1676010671, 24, 9, 33, 0, 0, 0.15%, 4, 0, 6, 166.53
1676010676, 24, 10, 33, 0, 0, 0.15%, 4, 0, 6, 159.38
1676010681, 24, 11, 33, 0, 0, 0.15%, 4, 0, 6, 139.17
1676010686, 24, 13, 33, 0, 0, 0.15%, 4, 0, 6, 137.60
1676010691, 24, 15, 33, 0, 0, 0.15%, 4, 0, 6, 148.03
1676010696, 24, 16, 33, 0, 0, 0.15%, 4, 0, 6, 164.16
1676010701, 24, 17, 33, 0, 0, 0.15%, 4, 0, 6, 163.33
1676010707, 24, 18, 33, 0, 0, 0.15%, 4, 0, 6, 159.30
1676010722, 24, 19, 33, 0, 0, 0.15%, 4, 0, 6, 175.37
1676010732, 24, 20, 33, 0, 0, 0.15%, 4, 0, 6, 168.75
1676010742, 24, 21, 33, 0, 0, 0.15%, 4, 0, 6, 170.96
1676010752, 24, 22, 33, 0, 0, 0.15%, 4, 0, 6, 175.62
1676010762, 24, 23, 33, 0, 0, 0.15%, 4, 0, 6, 160.18
1676010778, 24, 24, 33, 0, 0, 0.15%, 4, 0, 6, 168.53
1676010793, 24, 25, 33, 0, 0, 0.15%, 4, 0, 6, 160.72
1676010798, 24, 26, 33, 0, 0, 0.15%, 4, 0, 6, 168.53
1676010813, 24, 27, 33, 0, 0, 0.15%, 4, 0, 6, 169.59
1676010828, 24, 28, 33, 0, 0, 0.15%, 4, 0, 6, 168.82
1676010838, 24, 29, 33, 0, 0, 0.15%, 4, 0, 6, 173.29
1676010853, 24, 30, 33, 0, 0, 0.15%, 4, 0, 6, 163.68
1676010863, 24, 31, 33, 0, 0, 0.15%, 4, 0, 6, 170.95
1676010868, 24, 32, 33, 0, 0, 0.15%, 4, 0, 6, 167.38
1676010879, 25, 0, 33, 0, 0, 0.15%, 4, 0, 6, 168.71
1676010884, 25, 1, 33, 0, 0, 0.15%, 4, 0, 6, 166.62
1676010889, 25, 4, 33, 0, 0, 0.15%, 4, 0, 6, 172.79
1676010894, 25, 5, 33, 0, 0, 0.15%, 4, 0, 6, 163.59
1676010899, 25, 6, 33, 0, 0, 0.15%, 4, 0, 6, 158.78
1676010904, 25, 8, 33, 0, 0, 0.15%, 4, 0, 6, 156.52
1676010909, 25, 9, 33, 0, 0, 0.15%, 4, 0, 6, 167.44
1676010914, 25, 10, 33, 0, 0, 0.15%, 4, 0, 6, 162.75
1676010919, 25, 12, 33, 0, 0, 0.15%, 4, 0, 6, 174.23
1676010924, 25, 13, 33, 0, 0, 0.15%, 4, 0, 6, 175.53
1676010929, 25, 15, 33, 0, 0, 0.15%, 4, 0, 6, 174.54
1676010934, 25, 17, 33, 0, 0, 0.15%, 4, 0, 6, 173.80
1676010944, 25, 18, 33, 0, 0, 0.15%, 4, 0, 6, 170.95
1676010955, 25, 19, 33, 0, 0, 0.15%, 4, 0, 6, 168.71
1676010965, 25, 20, 33, 0, 0, 0.15%, 4, 0, 6, 166.07
1676010980, 25, 21, 33, 0, 0, 0.15%, 4, 0, 6, 174.11
1676010985, 25, 22, 33, 0, 0, 0.15%, 4, 0, 6, 173.60
1676011000, 25, 23, 33, 0, 0, 0.15%, 4, 0, 6, 169.59
1676011010, 25, 24, 33, 0, 0, 0.15%, 4, 0, 6, 168.13
1676011026, 25, 25, 33, 0, 0, 0.15%, 4, 0, 6, 175.18
1676011036, 25, 26, 33, 0, 0, 0.15%, 4, 0, 6, 170.29
1676011046, 25, 27, 33, 0, 0, 0.15%, 4, 0, 6, 171.34
1676011061, 25, 28, 33, 0, 0, 0.15%, 4, 0, 6, 167.86
1676011071, 25, 29, 33, 0, 0, 0.15%, 4, 0, 6, 173.74
1676011087, 25, 30, 33, 0, 0, 0.15%, 4, 0, 6, 177.20
1676011097, 25, 31, 33, 0, 0, 0.15%, 4, 0, 6, 160.77
1676011102, 25, 32, 33, 0, 0, 0.15%, 4, 0, 6, 168.46
1676011112, 26, 0, 33, 0, 0, 0.15%, 4, 0, 6, 158.60
1676011117, 26, 1, 33, 0, 0, 0.15%, 4, 0, 6, 161.28
1676011122, 26, 4, 33, 0, 0, 0.15%, 4, 0, 6, 160.71
1676011127, 26, 5, 33, 0, 0, 0.15%, 4, 0, 6, 163.74
1676011132, 26, 6, 33, 0, 0, 0.15%, 4, 0, 6, 167.00
1676011137, 26, 8, 33, 0, 0, 0.15%, 4, 0, 6, 172.44
1676011142, 26, 9, 33, 0, 0, 0.15%, 4, 0, 6, 170.09
1676011147, 26, 10, 33, 0, 0, 0.15%, 4, 0, 6, 176.45
1676011153, 26, 12, 33, 0, 0, 0.15%, 4, 0, 6, 169.79
1676011158, 26, 14, 33, 0, 0, 0.15%, 4, 0, 6, 160.55
1676011163, 26, 15, 33, 0, 0, 0.15%, 4, 0, 6, 156.98
1676011168, 26, 17, 33, 0, 0, 0.15%, 4, 0, 6, 156.60
1676011178, 26, 18, 33, 0, 0, 0.15%, 4, 0, 6, 171.04
1676011193, 26, 19, 33, 0, 0, 0.15%, 4, 0, 6, 154.57
1676011204, 26, 20, 33, 0, 0, 0.15%, 4, 0, 6, 153.30
1676011214, 26, 21, 33, 0, 0, 0.15%, 4, 0, 6, 168.64
1676011224, 26, 22, 33, 0, 0, 0.15%, 4, 0, 6, 168.65
1676011234, 26, 23, 33, 0, 0, 0.15%, 4, 0, 6, 174.17
1676011249, 26, 24, 33, 0, 0, 0.15%, 4, 0, 6, 166.44
1676011259, 26, 25, 33, 0, 0, 0.15%, 4, 0, 6, 169.98
1676011270, 26, 26, 33, 0, 0, 0.15%, 4, 0, 6, 171.48
1676011280, 26, 27, 33, 0, 0, 0.15%, 4, 0, 6, 171.22
1676011295, 26, 28, 33, 0, 0, 0.15%, 4, 0, 6, 170.11
1676011310, 26, 29, 33, 0, 0, 0.15%, 4, 0, 6, 163.46
1676011320, 26, 30, 33, 0, 0, 0.15%, 4, 0, 6, 173.74
1676011331, 26, 31, 33, 0, 0, 0.15%, 4, 0, 6, 172.20
1676011336, 26, 32, 33, 0, 0, 0.15%, 4, 0, 6, 171.26
1676011346, 27, 0, 33, 0, 0, 0.15%, 4, 0, 6, 167.02
1676011351, 27, 1, 33, 0, 0, 0.15%, 4, 0, 6, 167.83
1676011356, 27, 3, 33, 0, 0, 0.15%, 4, 0, 6, 164.76
1676011361, 27, 5, 33, 0, 0, 0.15%, 4, 0, 6, 175.32
1676011366, 27, 6, 33, 0, 0, 0.15%, 4, 0, 6, 178.40
1676011371, 27, 8, 33, 0, 0, 0.15%, 4, 0, 6, 168.07
1676011376, 27, 9, 33, 0, 0, 0.15%, 4, 0, 6, 169.95
1676011382, 27, 11, 33, 0, 0, 0.15%, 4, 0, 6, 168.60
1676011387, 27, 12, 33, 0, 0, 0.15%, 4, 0, 6, 166.29
1676011392, 27, 14, 33, 0, 0, 0.15%, 4, 0, 6, 163.44
1676011397, 27, 16, 33, 0, 0, 0.15%, 4, 0, 6, 165.91
1676011402, 27, 17, 33, 0, 0, 0.15%, 4, 0, 6, 157.73
1676011412, 27, 18, 33, 0, 0, 0.15%, 4, 0, 6, 156.20
1676011428, 27, 19, 33, 0, 0, 0.15%, 4, 0, 6, 169.14
1676011433, 27, 20, 33, 0, 0, 0.15%, 4, 0, 6, 171.27
1676011448, 27, 21, 33, 0, 0, 0.15%, 4, 0, 6, 167.69
1676011458, 27, 22, 33, 0, 0, 0.15%, 4, 0, 6, 121.55
1676011473, 27, 23, 33, 0, 0, 0.15%, 4, 0, 6, 164.10
1676011484, 27, 24, 33, 0, 0, 0.15%, 4, 0, 6, 163.49
1676011499, 27, 25, 33, 0, 0, 0.15%, 4, 0, 6, 151.47
1676011509, 27, 26, 33, 0, 0, 0.15%, 4, 0, 6, 166.19
1676011519, 27, 27, 33, 0, 0, 0.15%, 4, 0, 6, 186.24
1676011529, 27, 28, 33, 0, 0, 0.15%, 4, 0, 6, 174.40
1676011545, 27, 29, 33, 0, 0, 0.15%, 4, 0, 6, 174.62
1676011560, 27, 30, 33, 0, 0, 0.15%, 4, 0, 6, 166.11
1676011565, 27, 31, 33, 0, 0, 0.15%, 4, 0, 6, 169.23
1676011575, 27, 32, 33, 0, 0, 0.15%, 4, 0, 6, 168.33
1676011585, 28, 0, 33, 0, 0, 0.15%, 4, 0, 6, 170.88
1676011590, 28, 2, 33, 0, 0, 0.15%, 4, 0, 6, 172.08
1676011595, 28, 4, 33, 0, 0, 0.15%, 4, 0, 6, 173.57
1676011601, 28, 5, 33, 0, 0, 0.15%, 4, 0, 6, 165.79
1676011606, 28, 7, 33, 0, 0, 0.15%, 4, 0, 6, 170.74
1676011611, 28, 9, 33, 0, 0, 0.15%, 4, 0, 6, 184.69
1676011616, 28, 10, 33, 0, 0, 0.15%, 4, 0, 6, 176.07
1676011621, 28, 11, 33, 0, 0, 0.15%, 4, 0, 6, 172.33
1676011626, 28, 13, 33, 0, 0, 0.15%, 4, 0, 6, 168.09
1676011631, 28, 15, 33, 0, 0, 0.15%, 4, 0, 6, 166.37
1676011636, 28, 16, 33, 0, 0, 0.15%, 4, 0, 6, 166.98
1676011642, 28, 17, 33, 0, 0, 0.15%, 4, 0, 6, 169.02
1676011647, 28, 18, 33, 0, 0, 0.15%, 4, 0, 6, 168.43
1676011662, 28, 19, 33, 0, 0, 0.15%, 4, 0, 6, 164.21
1676011667, 28, 20, 33, 0, 0, 0.15%, 4, 0, 6, 168.19
1676011682, 28, 21, 33, 0, 0, 0.15%, 4, 0, 6, 161.07
1676011692, 28, 22, 33, 0, 0, 0.15%, 4, 0, 6, 168.64
1676011702, 28, 23, 33, 0, 0, 0.15%, 4, 0, 6, 164.30
1676011718, 28, 24, 33, 0, 0, 0.15%, 4, 0, 6, 165.57
1676011728, 28, 25, 33, 0, 0, 0.15%, 4, 0, 6, 166.03
1676011738, 28, 26, 33, 0, 0, 0.15%, 4, 0, 6, 162.13
1676011753, 28, 27, 33, 0, 0, 0.15%, 5, 0, 6, 160.30
1676011763, 28, 28, 33, 0, 0, 0.15%, 5, 0, 6, 168.90
1676011779, 28, 29, 33, 0, 0, 0.15%, 5, 0, 6, 167.17
1676011794, 28, 30, 33, 0, 0, 0.15%, 5, 0, 6, 162.99
1676011799, 28, 31, 33, 0, 0, 0.15%, 5, 0, 6, 158.60
1676011810, 28, 32, 33, 0, 0, 0.15%, 5, 0, 6, 169.83
1676011820, 29, 0, 33, 0, 0, 0.15%, 5, 0, 6, 169.33
1676011825, 29, 1, 33, 0, 0, 0.15%, 5, 0, 6, 165.40
1676011830, 29, 4, 33, 0, 0, 0.15%, 5, 0, 6, 169.18
1676011835, 29, 5, 33, 0, 0, 0.15%, 5, 0, 6, 172.06
1676011840, 29, 6, 33, 0, 0, 0.15%, 5, 0, 6, 169.58
1676011845, 29, 8, 33, 0, 0, 0.15%, 5, 0, 6, 168.62
1676011850, 29, 9, 33, 0, 0, 0.15%, 5, 0, 6, 173.29
1676011855, 29, 10, 33, 0, 0, 0.15%, 5, 0, 6, 171.50
1676011860, 29, 12, 33, 0, 0, 0.15%, 5, 0, 6, 164.96
1676011865, 29, 14, 33, 0, 0, 0.15%, 5, 0, 6, 175.76
1676011870, 29, 16, 33, 0, 0, 0.15%, 5, 0, 6, 171.70
1676011875, 29, 17, 33, 0, 0, 0.15%, 5, 0, 6, 173.46
1676011881, 29, 18, 33, 0, 0, 0.15%, 5, 0, 6, 177.47
1676011896, 29, 19, 33, 0, 0, 0.15%, 5, 0, 6, 169.61
1676011901, 29, 20, 33, 0, 0, 0.15%, 5, 0, 6, 174.51
1676011916, 29, 21, 33, 0, 0, 0.15%, 5, 0, 6, 173.54
1676011926, 29, 22, 33, 0, 0, 0.15%, 5, 0, 6, 176.35
1676011936, 29, 23, 33, 0, 0, 0.15%, 5, 0, 6, 173.19
1676011952, 29, 24, 33, 0, 0, 0.15%, 5, 0, 6, 173.96
1676011962, 29, 25, 33, 0, 0, 0.15%, 5, 0, 6, 175.24
1676011972, 29, 26, 33, 0, 0, 0.15%, 5, 0, 6, 172.03
1676011982, 29, 27, 33, 0, 0, 0.15%, 5, 0, 6, 164.41
1676011998, 29, 28, 33, 0, 0, 0.15%, 5, 0, 6, 171.52
1676012008, 29, 29, 33, 0, 0, 0.15%, 5, 0, 6, 169.77
1676012023, 29, 30, 33, 0, 0, 0.15%, 5, 0, 6, 173.00
1676012034, 29, 31, 33, 0, 0, 0.15%, 5, 0, 6, 177.45
1676012039, 29, 32, 33, 0, 0, 0.15%, 5, 0, 6, 174.11
1676012049, 30, 0, 33, 0, 0, 0.15%, 5, 0, 6, 172.19
1676012054, 30, 1, 33, 0, 0, 0.15%, 5, 0, 6, 166.79
1676012059, 30, 4, 33, 0, 0, 0.15%, 5, 0, 6, 170.60
1676012064, 30, 5, 33, 0, 0, 0.15%, 5, 0, 6, 175.64
1676012069, 30, 7, 33, 0, 0, 0.15%, 5, 0, 6, 169.99
1676012074, 30, 8, 33, 0, 0, 0.15%, 5, 0, 6, 168.16
1676012079, 30, 10, 33, 0, 0, 0.15%, 5, 0, 6, 170.93
1676012084, 30, 11, 33, 0, 0, 0.15%, 5, 0, 6, 168.30
1676012089, 30, 12, 33, 0, 0, 0.15%, 5, 0, 6, 165.65
1676012095, 30, 14, 33, 0, 0, 0.15%, 5, 0, 6, 157.13
1676012100, 30, 16, 33, 0, 0, 0.15%, 5, 0, 6, 153.86
1676012105, 30, 17, 33, 0, 0, 0.15%, 5, 0, 6, 155.38
1676012115, 30, 18, 33, 0, 0, 0.15%, 5, 0, 6, 175.09
1676012125, 30, 19, 33, 0, 0, 0.15%, 5, 0, 6, 168.39
1676012135, 30, 20, 33, 0, 0, 0.15%, 5, 0, 6, 165.73
1676012145, 30, 21, 33, 0, 0, 0.15%, 5, 0, 6, 174.33
1676012155, 30, 22, 33, 0, 0, 0.15%, 5, 0, 6, 174.39
1676012170, 30, 23, 33, 0, 0, 0.15%, 5, 0, 6, 169.56
1676012181, 30, 24, 33, 0, 0, 0.15%, 5, 0, 6, 172.15
1676012196, 30, 25, 33, 0, 0, 0.15%, 5, 0, 6, 175.73
1676012201, 30, 26, 33, 0, 0, 0.15%, 5, 0, 6, 177.50
1676012216, 30, 27, 33, 0, 0, 0.15%, 5, 0, 6, 173.80
1676012231, 30, 28, 33, 0, 0, 0.15%, 5, 0, 6, 171.35
1676012242, 30, 29, 33, 0, 0, 0.15%, 5, 0, 6, 174.33
1676012257, 30, 30, 33, 0, 0, 0.15%, 5, 0, 6, 168.20
1676012262, 30, 31, 33, 0, 0, 0.15%, 5, 0, 6, 169.35
1676012273, 30, 32, 33, 0, 0, 0.15%, 5, 0, 6, 166.14
1676012283, 31, 0, 33, 0, 0, 0.15%, 5, 0, 6, 159.58
1676012288, 31, 2, 33, 0, 0, 0.15%, 5, 0, 6, 165.26
1676012293, 31, 4, 33, 0, 0, 0.15%, 5, 0, 6, 183.07
1676012298, 31, 6, 33, 0, 0, 0.15%, 5, 0, 6, 176.16
1676012303, 31, 7, 33, 0, 0, 0.15%, 5, 0, 6, 169.70
1676012308, 31, 9, 33, 0, 0, 0.15%, 5, 0, 6, 170.45
1676012313, 31, 10, 33, 0, 0, 0.15%, 5, 0, 6, 168.69
1676012319, 31, 11, 33, 0, 0, 0.15%, 5, 0, 6, 171.04
1676012324, 31, 13, 33, 0, 0, 0.15%, 5, 0, 6, 163.31
1676012329, 31, 15, 33, 0, 0, 0.15%, 5, 0, 6, 164.84
1676012334, 31, 16, 33, 0, 0, 0.15%, 5, 0, 6, 164.04
1676012339, 31, 17, 33, 0, 0, 0.15%, 5, 0, 6, 166.64
1676012344, 31, 18, 33, 0, 0, 0.15%, 5, 0, 6, 157.25
1676012359, 31, 19, 33, 0, 0, 0.15%, 5, 0, 6, 170.64
1676012370, 31, 20, 33, 0, 0, 0.15%, 5, 0, 6, 172.10
1676012380, 31, 21, 33, 0, 0, 0.15%, 5, 0, 6, 172.00
