# unix_time, cycles_done, cur_path, paths_total, pending_total, pending_favs, map_size, unique_crashes, unique_hangs, max_depth, execs_per_sec
1676058896, 0, 0, 2, 2, 2, 0.04%, 0, 0, 1, 100.63
1676058901, 0, 0, 12, 12, 2, 0.07%, 0, 0, 2, 125.14
1676058921, 0, 1, 15, 14, 11, 0.07%, 0, 0, 2, 154.71
1676058936, 0, 2, 15, 13, 13, 0.07%, 0, 0, 2, 155.57
1676058941, 0, 3, 15, 12, 12, 0.07%, 0, 0, 2, 161.90
1676058952, 0, 4, 15, 11, 11, 0.07%, 0, 0, 2, 164.92
1676058962, 0, 5, 15, 10, 10, 0.07%, 0, 0, 2, 154.94
1676058982, 0, 6, 15, 9, 9, 0.07%, 0, 0, 2, 157.06
1676058997, 0, 7, 15, 8, 8, 0.07%, 0, 0, 2, 165.68
1676059007, 0, 8, 15, 7, 7, 0.07%, 0, 0, 2, 160.77
1676059023, 0, 9, 15, 6, 6, 0.07%, 0, 0, 2, 141.35
1676059043, 0, 10, 15, 5, 5, 0.07%, 0, 0, 2, 158.98
1676059058, 0, 11, 15, 4, 4, 0.07%, 0, 0, 2, 154.53
1676059079, 0, 12, 15, 3, 3, 0.07%, 0, 0, 2, 148.77
1676059094, 0, 13, 15, 2, 2, 0.07%, 0, 0, 2, 153.49
1676059109, 0, 14, 15, 1, 1, 0.07%, 0, 0, 2, 146.85
1676059119, 1, 0, 15, 0, 0, 0.07%, 0, 0, 2, 154.90
1676059124, 1, 3, 15, 0, 0, 0.07%, 0, 0, 2, 158.15
1676059130, 1, 6, 15, 0, 0, 0.07%, 0, 0, 2, 154.26
1676059135, 1, 9, 15, 0, 0, 0.07%, 0, 0, 2, 154.12
1676059140, 1, 11, 15, 0, 0, 0.07%, 0, 0, 2, 148.07
1676059145, 1, 14, 15, 0, 0, 0.07%, 0, 0, 2, 145.63
1676059150, 2, 0, 15, 0, 0, 0.07%, 0, 0, 2, 144.54
1676059155, 2, 2, 15, 0, 0, 0.07%, 0, 0, 2, 145.24
1676059160, 2, 3, 15, 0, 0, 0.07%, 0, 0, 2, 149.38
1676059166, 2, 5, 15, 0, 0, 0.07%, 0, 0, 2, 160.46
1676059171, 2, 6, 16, 1, 0, 0.08%, 0, 0, 3, 149.64
1676059176, 2, 15, 16, 1, 1, 0.08%, 0, 0, 3, 156.08
1676059216, 3, 0, 16, 0, 0, 0.08%, 0, 0, 3, 148.91
1676059221, 3, 2, 16, 0, 0, 0.08%, 0, 0, 3, 158.06
1676059226, 3, 4, 16, 0, 0, 0.08%, 0, 0, 3, 153.00
1676059232, 3, 5, 16, 0, 0, 0.08%, 0, 0, 3, 147.84
1676059237, 3, 6, 16, 0, 0, 0.08%, 0, 0, 3, 152.50
1676059242, 3, 7, 16, 0, 0, 0.08%, 0, 0, 3, 145.69
1676059247, 3, 8, 16, 0, 0, 0.08%, 0, 0, 3, 151.09
1676059252, 3, 9, 18, 2, 0, 0.08%, 0, 0, 3, 148.14
1676059257, 3, 16, 18, 2, 2, 0.08%, 0, 0, 3, 154.98
1676059262, 3, 16, 19, 3, 2, 0.08%, 0, 0, 4, 160.36
1676059287, 3, 17, 19, 2, 2, 0.08%, 0, 0, 4, 152.23
1676059328, 3, 18, 19, 1, 1, 0.08%, 0, 0, 4, 153.45
1676059374, 4, 1, 19, 0, 0, 0.08%, 0, 0, 4, 143.89
1676059379, 4, 2, 19, 0, 0, 0.08%, 0, 0, 4, 143.77
1676059384, 4, 4, 19, 0, 0, 0.08%, 0, 0, 4, 142.05
1676059389, 4, 5, 19, 0, 0, 0.08%, 0, 0, 4, 145.89
1676059395, 4, 6, 19, 0, 0, 0.08%, 0, 0, 4, 153.67
1676059400, 4, 7, 19, 0, 0, 0.08%, 0, 0, 4, 148.88
1676059405, 4, 8, 19, 0, 0, 0.08%, 0, 0, 4, 139.39
1676059410, 4, 9, 19, 0, 0, 0.08%, 0, 0, 4, 144.30
1676059415, 4, 10, 19, 0, 0, 0.08%, 0, 0, 4, 136.99
1676059420, 4, 11, 19, 0, 0, 0.08%, 0, 0, 4, 144.43
1676059425, 4, 12, 19, 0, 0, 0.08%, 0, 0, 4, 144.68
1676059430, 4, 13, 19, 0, 0, 0.08%, 0, 0, 4, 143.40
1676059435, 4, 14, 19, 0, 0, 0.08%, 0, 0, 4, 143.35
1676059440, 4, 15, 19, 0, 0, 0.08%, 0, 0, 4, 153.05
1676059450, 4, 16, 19, 0, 0, 0.08%, 0, 0, 4, 148.30
1676059455, 4, 17, 19, 0, 0, 0.08%, 0, 0, 4, 141.48
1676059466, 4, 18, 19, 0, 0, 0.08%, 0, 0, 4, 141.31
1676059486, 5, 1, 19, 0, 0, 0.08%, 0, 0, 4, 149.57
1676059491, 5, 2, 19, 0, 0, 0.08%, 0, 0, 4, 153.70
1676059496, 5, 4, 19, 0, 0, 0.08%, 0, 0, 4, 140.99
1676059507, 5, 5, 19, 0, 0, 0.08%, 0, 0, 4, 132.64
1676059512, 5, 7, 19, 0, 0, 0.08%, 0, 0, 4, 148.17
1676059517, 5, 8, 19, 0, 0, 0.08%, 0, 0, 4, 144.25
1676059522, 5, 9, 19, 0, 0, 0.08%, 0, 0, 4, 147.61
1676059527, 5, 10, 19, 0, 0, 0.08%, 0, 0, 4, 155.52
1676059532, 5, 11, 19, 0, 0, 0.08%, 0, 0, 4, 156.17
1676059537, 5, 12, 19, 0, 0, 0.08%, 0, 0, 4, 164.25
1676059542, 5, 13, 19, 0, 0, 0.08%, 0, 0, 4, 147.96
1676059547, 5, 14, 19, 0, 0, 0.08%, 0, 0, 4, 151.49
1676059552, 5, 15, 19, 0, 0, 0.08%, 0, 0, 4, 141.97
1676059558, 5, 19, 23, 4, 1, 0.13%, 0, 0, 5, 146.27
1676059563, 5, 19, 25, 6, 1, 0.13%, 0, 0, 5, 136.62
1676059568, 5, 19, 27, 8, 1, 0.14%, 0, 0, 5, 144.42
1676059578, 5, 19, 31, 12, 1, 0.15%, 0, 0, 5, 156.42
1676059807, 5, 20, 31, 11, 10, 0.15%, 0, 0, 5, 140.20
1676059813, 5, 20, 33, 13, 10, 0.15%, 0, 0, 6, 145.45
1676059980, 5, 20, 34, 14, 10, 0.15%, 0, 0, 6, 142.94
1676059985, 5, 22, 34, 13, 12, 0.15%, 0, 0, 6, 146.20
1676059990, 5, 22, 35, 14, 12, 0.15%, 0, 0, 6, 149.41
1676060006, 5, 22, 36, 15, 12, 0.16%, 0, 0, 6, 149.88
1676060214, 5, 23, 36, 14, 13, 0.16%, 0, 0, 6, 149.88
1676060362, 5, 24, 36, 13, 12, 0.16%, 0, 0, 6, 156.27
1676060556, 5, 25, 36, 12, 11, 0.16%, 0, 0, 6, 152.97
1676060754, 5, 26, 36, 11, 10, 0.16%, 0, 0, 6, 147.48
1676060984, 5, 27, 36, 10, 9, 0.16%, 0, 0, 6, 147.94
1676061162, 5, 28, 36, 9, 8, 0.16%, 0, 0, 6, 147.00
1676061295, 5, 29, 36, 8, 7, 0.16%, 0, 0, 6, 129.58
1676061417, 5, 30, 36, 7, 6, 0.16%, 0, 0, 6, 148.46
1676061529, 5, 31, 36, 6, 5, 0.16%, 0, 0, 6, 147.50
1676061728, 5, 32, 36, 5, 4, 0.16%, 0, 0, 6, 128.36
1676061927, 5, 33, 36, 4, 3, 0.16%, 0, 0, 6, 129.26
1676062188, 5, 34, 36, 3, 2, 0.16%, 0, 0, 6, 129.39
1676062321, 5, 35, 36, 2, 1, 0.16%, 0, 0, 6, 130.05
1676062525, 6, 0, 36, 1, 0, 0.16%, 0, 0, 6, 147.69
1676062530, 6, 2, 36, 1, 0, 0.16%, 0, 0, 6, 154.61
1676062535, 6, 4, 36, 1, 0, 0.16%, 0, 0, 6, 152.33
1676062540, 6, 5, 36, 1, 0, 0.16%, 0, 0, 6, 151.04
1676062546, 6, 6, 36, 1, 0, 0.16%, 0, 0, 6, 151.39
1676062551, 6, 8, 36, 1, 0, 0.16%, 0, 0, 6, 147.96
1676062556, 6, 9, 36, 1, 0, 0.16%, 0, 0, 6, 152.57
1676062561, 6, 10, 36, 1, 0, 0.16%, 0, 0, 6, 158.15
1676062566, 6, 11, 36, 1, 0, 0.16%, 0, 0, 6, 149.76
1676062571, 6, 13, 36, 1, 0, 0.16%, 0, 0, 6, 153.78
1676062576, 6, 15, 36, 1, 0, 0.16%, 0, 0, 6, 157.92
1676062581, 6, 16, 36, 1, 0, 0.16%, 0, 0, 6, 152.67
1676062586, 6, 17, 36, 1, 0, 0.16%, 0, 0, 6, 144.49
1676062596, 6, 18, 36, 1, 0, 0.16%, 0, 0, 6, 152.52
1676062611, 6, 19, 36, 1, 0, 0.16%, 0, 0, 6, 150.48
1676062637, 6, 20, 36, 1, 0, 0.16%, 0, 0, 6, 145.94
1676062658, 6, 22, 36, 1, 0, 0.16%, 0, 0, 6, 154.99
1676062683, 6, 23, 36, 1, 0, 0.16%, 0, 0, 6, 142.19
1676062703, 6, 24, 36, 1, 0, 0.16%, 0, 0, 6, 142.56
1676062724, 6, 25, 36, 1, 0, 0.16%, 0, 0, 6, 144.03
1676062755, 6, 26, 36, 1, 0, 0.16%, 0, 0, 6, 151.21
1676062785, 6, 27, 36, 1, 0, 0.16%, 0, 0, 6, 159.65
1676062806, 6, 28, 36, 1, 0, 0.16%, 0, 0, 6, 130.97
1676062826, 6, 29, 36, 1, 0, 0.16%, 0, 0, 6, 152.05
1676062846, 6, 30, 36, 1, 0, 0.16%, 0, 0, 6, 151.89
1676062867, 6, 31, 36, 1, 0, 0.16%, 0, 0, 6, 146.01
1676062882, 6, 32, 36, 1, 0, 0.16%, 0, 0, 6, 152.69
1676062902, 6, 33, 36, 1, 0, 0.16%, 0, 0, 6, 149.79
1676062933, 6, 34, 36, 1, 0, 0.16%, 0, 0, 6, 149.11
1676062943, 6, 35, 36, 1, 0, 0.16%, 0, 0, 6, 160.19
1676062964, 7, 1, 36, 1, 0, 0.16%, 0, 0, 6, 151.53
1676062969, 7, 2, 36, 1, 0, 0.16%, 0, 0, 6, 143.94
1676062974, 7, 4, 36, 1, 0, 0.16%, 0, 0, 6, 143.03
1676062979, 7, 6, 36, 1, 0, 0.16%, 0, 0, 6, 156.16
1676062984, 7, 7, 36, 1, 0, 0.16%, 0, 0, 6, 150.46
1676062989, 7, 8, 36, 1, 0, 0.16%, 0, 0, 6, 145.75
1676062994, 7, 9, 36, 1, 0, 0.16%, 0, 0, 6, 140.06
1676063000, 7, 10, 36, 1, 0, 0.16%, 0, 0, 6, 140.00
1676063005, 7, 11, 36, 1, 0, 0.16%, 0, 0, 6, 131.21
1676063010, 7, 13, 36, 1, 0, 0.16%, 0, 0, 6, 136.99
1676063015, 7, 15, 36, 1, 0, 0.16%, 0, 0, 6, 147.15
1676063020, 7, 16, 36, 1, 0, 0.16%, 0, 0, 6, 147.00
1676063025, 7, 17, 36, 1, 0, 0.16%, 0, 0, 6, 156.38
1676063030, 7, 18, 36, 1, 0, 0.16%, 0, 0, 6, 149.63
1676063035, 7, 19, 36, 1, 0, 0.16%, 0, 0, 6, 144.43
1676063051, 7, 20, 36, 1, 0, 0.16%, 0, 0, 6, 148.43
1676063061, 7, 22, 36, 1, 0, 0.16%, 0, 0, 6, 154.99
1676063071, 7, 23, 36, 1, 0, 0.16%, 0, 0, 6, 140.93
1676063081, 7, 24, 36, 1, 0, 0.16%, 0, 0, 6, 143.34
1676063091, 7, 25, 36, 1, 0, 0.16%, 0, 0, 6, 140.58
1676063107, 7, 26, 36, 1, 0, 0.16%, 0, 0, 6, 132.79
1676063122, 7, 27, 36, 1, 0, 0.16%, 0, 0, 6, 151.33
1676063132, 7, 28, 36, 1, 0, 0.16%, 0, 0, 6, 144.79
1676063142, 7, 29, 36, 1, 0, 0.16%, 0, 0, 6, 148.83
1676063153, 7, 30, 36, 1, 0, 0.16%, 0, 0, 6, 150.39
1676063163, 7, 31, 36, 1, 0, 0.16%, 0, 0, 6, 153.82
1676063173, 7, 32, 36, 1, 0, 0.16%, 0, 0, 6, 154.80
1676063178, 7, 33, 36, 1, 0, 0.16%, 0, 0, 6, 154.11
1676063193, 7, 34, 36, 1, 0, 0.16%, 0, 0, 6, 141.21
1676063204, 7, 35, 36, 1, 0, 0.16%, 0, 0, 6, 151.27
1676063214, 8, 2, 36, 1, 0, 0.16%, 0, 0, 6, 149.56
1676063219, 8, 4, 36, 1, 0, 0.16%, 0, 0, 6, 149.61
1676063224, 8, 5, 36, 1, 0, 0.16%, 0, 0, 6, 140.98
1676063229, 8, 6, 36, 1, 0, 0.16%, 0, 0, 6, 143.48
1676063234, 8, 8, 36, 1, 0, 0.16%, 0, 0, 6, 144.95
1676063239, 8, 9, 36, 1, 0, 0.16%, 0, 0, 6, 149.91
1676063245, 8, 10, 36, 1, 0, 0.16%, 0, 0, 6, 155.32
1676063250, 8, 11, 36, 1, 0, 0.16%, 0, 0, 6, 150.63
1676063255, 8, 13, 36, 1, 0, 0.16%, 0, 0, 6, 142.52
1676063260, 8, 15, 36, 1, 0, 0.16%, 0, 0, 6, 152.66
1676063265, 8, 16, 36, 1, 0, 0.16%, 0, 0, 6, 158.71
1676063270, 8, 18, 36, 1, 0, 0.16%, 0, 0, 6, 150.38
1676063280, 8, 19, 36, 1, 0, 0.16%, 0, 0, 6, 136.09
1676063296, 8, 20, 36, 1, 0, 0.16%, 0, 0, 6, 156.93
1676063306, 8, 22, 36, 1, 0, 0.16%, 0, 0, 6, 145.82
1676063321, 8, 23, 36, 1, 0, 0.16%, 0, 0, 6, 130.12
1676063331, 8, 24, 36, 1, 0, 0.16%, 0, 0, 6, 142.96
1676063341, 8, 25, 36, 1, 0, 0.16%, 0, 0, 6, 139.86
1676063357, 8, 26, 36, 1, 0, 0.16%, 0, 0, 6, 143.15
1676063372, 8, 27, 36, 1, 0, 0.16%, 0, 0, 6, 145.64
1676063383, 8, 28, 36, 1, 0, 0.16%, 0, 0, 6, 155.91
1676063393, 8, 29, 36, 1, 0, 0.16%, 0, 0, 6, 143.77
1676063403, 8, 30, 36, 1, 0, 0.16%, 0, 0, 6, 119.94
1676063413, 8, 31, 36, 1, 0, 0.16%, 0, 0, 6, 133.41
1676063423, 8, 32, 36, 1, 0, 0.16%, 0, 0, 6, 144.00
1676063433, 8, 33, 36, 1, 0, 0.16%, 0, 0, 6, 150.77
1676063449, 8, 34, 36, 1, 0, 0.16%, 0, 0, 6, 156.36
1676063459, 8, 35, 36, 1, 0, 0.16%, 0, 0, 6, 149.59
1676063469, 9, 2, 36, 1, 0, 0.16%, 0, 0, 6, 150.41
1676063474, 9, 4, 36, 1, 0, 0.16%, 0, 0, 6, 151.05
1676063479, 9, 5, 36, 1, 0, 0.16%, 0, 0, 6, 154.29
1676063484, 9, 7, 36, 1, 0, 0.16%, 0, 0, 6, 159.33
1676063489, 9, 8, 36, 1, 0, 0.16%, 0, 0, 6, 155.90
1676063494, 9, 10, 36, 1, 0, 0.16%, 0, 0, 6, 150.44
1676063500, 9, 11, 36, 1, 0, 0.16%, 0, 0, 6, 146.79
1676063505, 9, 12, 36, 1, 0, 0.16%, 0, 0, 6, 147.36
1676063510, 9, 14, 36, 1, 0, 0.16%, 0, 0, 6, 146.69
1676063515, 9, 15, 36, 1, 0, 0.16%, 0, 0, 6, 148.76
1676063520, 9, 17, 36, 1, 0, 0.16%, 0, 0, 6, 154.22
1676063525, 9, 18, 36, 1, 0, 0.16%, 0, 0, 6, 158.09
1676063530, 9, 19, 36, 1, 0, 0.16%, 0, 0, 6, 148.32
1676063545, 9, 20, 36, 1, 0, 0.16%, 0, 0, 6, 154.01
1676063555, 9, 21, 36, 1, 0, 0.16%, 0, 0, 6, 150.08
1676063785, 9, 22, 36, 0, 0, 0.16%, 0, 0, 6, 136.24
1676063796, 9, 23, 36, 0, 0, 0.16%, 0, 0, 6, 154.40
1676063806, 9, 24, 36, 0, 0, 0.16%, 0, 0, 6, 148.23
1676063817, 9, 25, 36, 0, 0, 0.16%, 0, 0, 6, 142.65
1676063832, 9, 26, 36, 0, 0, 0.16%, 0, 0, 6, 142.70
1676063847, 9, 27, 36, 0, 0, 0.16%, 0, 0, 6, 145.24
1676063863, 9, 28, 36, 0, 0, 0.16%, 0, 0, 6, 136.63
